14 0 2 00804 00000000
78 4 3 00804 00000000
80 0 2 007F7 00000000
144 4 3 007F7 00000000
146 0 2 007F6 00000000
210 4 3 007F6 00000000
212 0 2 007F5 00000000
276 4 3 007F5 00000000
278 0 2 007F4 00000000
342 4 3 007F4 00000000
344 0 2 007F3 00000000
408 4 3 007F3 00000000
419 0 2 007E9 00000000
483 4 3 007E9 00000000
485 0 2 007E8 00000000
549 4 3 007E8 00000000
551 0 2 007E7 00000000
615 4 3 007E7 00000000
617 0 2 007E6 00000000
681 4 3 007E6 00000000
691 0 2 007EA 00000000
755 4 3 007EA 00000000
757 0 2 007DD 00000000
821 4 3 007DD 00000000
823 0 2 007DC 00000000
887 4 3 007DC 00000000
889 0 2 007DB 00000000
953 4 3 007DB 00000000
955 0 2 007DA 00000000
1019 4 3 007DA 00000000
1021 0 2 007D9 00000000
1085 4 3 007D9 00000000
1096 0 2 007CF 00000000
1160 4 3 007CF 00000000
1162 0 2 007CE 00000000
1226 4 3 007CE 00000000
1228 0 2 007CD 00000000
1292 4 3 007CD 00000000
1294 0 2 007CC 00000000
1358 4 3 007CC 00000000
1368 0 2 007D0 00000000
1432 4 3 007D0 00000000
1434 0 2 007C3 00000000
1498 4 3 007C3 00000000
1500 0 2 007C2 00000000
1564 4 3 007C2 00000000
1566 0 2 007C1 00000000
1630 4 3 007C1 00000000
1632 0 2 007C0 00000000
1696 4 3 007C0 00000000
1698 0 2 007BF 00000000
1762 4 3 007BF 00000000
1766 0 1 00000 00000000
1830 4 3 00000 00000000
1832 0 1 00100 00000000
1896 4 3 00100 00000000
1905 0 2 007C4 00000000
1969 4 3 007C4 00000000
1980 0 2 007B5 00000000
2044 4 3 007B5 00000000
2046 0 2 007B4 00000000
2110 4 3 007B4 00000000
2112 0 2 007B3 00000000
2176 4 3 007B3 00000000
2178 0 2 007B2 00000000
2242 4 3 007B2 00000000
2246 0 1 00001 00000000
2310 4 3 00001 00000000
2318 0 2 007B8 00000000
2382 4 3 007B8 00000000
2386 0 1 007B6 00000000
2450 4 3 007B6 00000000
2452 0 2 007A9 00000000
2516 4 3 007A9 00000000
2518 0 2 007A8 00000000
2582 4 3 007A8 00000000
2584 0 2 007A7 00000000
2648 4 3 007A7 00000000
2650 0 2 007A6 00000000
2714 4 3 007A6 00000000
2716 0 2 007A5 00000000
2780 4 3 007A5 00000000
2785 0 1 00101 00000000
2849 4 3 00101 00000000
2851 0 2 007AC 00000000
2915 4 3 007AC 00000000
2928 0 2 0079B 00000000
2992 4 3 0079B 00000000
2994 0 2 0079A 00000000
3058 4 3 0079A 00000000
3060 0 2 00799 00000000
3124 4 3 00799 00000000
3126 0 2 00798 00000000
3190 4 3 00798 00000000
3194 0 1 00002 00000000
3258 4 3 00002 00000000
3260 0 1 00102 00000000
3324 4 3 00102 00000000
3333 0 2 007A0 00000000
3397 4 3 007A0 00000000
3401 0 1 0079C 00000000
3465 4 3 0079C 00000000
3467 0 2 0078F 00000000
3531 4 3 0078F 00000000
3533 0 2 0078E 00000000
3597 4 3 0078E 00000000
3599 0 2 0078D 00000000
3663 4 3 0078D 00000000
3665 0 2 0078C 00000000
3729 4 3 0078C 00000000
3731 0 2 0078B 00000000
3795 4 3 0078B 00000000
3799 0 1 00002 00000000
3863 4 3 00002 00000000
3865 0 1 00102 00000000
3929 4 3 00102 00000000
3938 0 2 00794 00000000
4002 4 3 00794 00000000
4015 0 2 00781 00000000
4079 4 3 00781 00000000
4081 0 2 00780 00000000
4145 4 3 00780 00000000
4147 0 2 0077F 00000000
4211 4 3 0077F 00000000
4213 0 2 0077E 00000000
4277 4 3 0077E 00000000
4281 0 1 00003 00000000
4345 4 3 00003 00000000
4353 0 2 00788 00000000
4417 4 3 00788 00000000
4421 0 1 00782 00000000
4485 4 3 00782 00000000
4494 0 2 00782 00000000
4558 4 3 00782 00000000
4560 0 2 00775 00000000
4624 4 3 00775 00000000
4626 0 2 00774 00000000
4690 4 3 00774 00000000
4692 0 2 00773 00000000
4756 4 3 00773 00000000
4758 0 2 00772 00000000
4822 4 3 00772 00000000
4824 0 2 00771 00000000
4888 4 3 00771 00000000
4899 0 2 00767 00000000
4963 4 3 00767 00000000
4965 0 2 00766 00000000
5029 4 3 00766 00000000
5031 0 2 00765 00000000
5095 4 3 00765 00000000
5097 0 2 00764 00000000
5161 4 3 00764 00000000
5171 0 2 00768 00000000
5235 4 3 00768 00000000
5237 0 2 0075B 00000000
5301 4 3 0075B 00000000
5303 0 2 0075A 00000000
5367 4 3 0075A 00000000
5369 0 2 00759 00000000
5433 4 3 00759 00000000
5435 0 2 00758 00000000
5499 4 3 00758 00000000
5501 0 2 00757 00000000
5565 4 3 00757 00000000
5576 0 2 0074D 00000000
5640 4 3 0074D 00000000
5642 0 2 0074C 00000000
5706 4 3 0074C 00000000
5708 0 2 0074B 00000000
5772 4 3 0074B 00000000
5774 0 2 0074A 00000000
5838 4 3 0074A 00000000
5848 0 2 0074E 00000000
5912 4 3 0074E 00000000
5914 0 2 00741 00000000
5978 4 3 00741 00000000
5980 0 2 00740 00000000
6044 4 3 00740 00000000
6046 0 2 0073F 00000000
6110 4 3 0073F 00000000
6112 0 2 0073E 00000000
6176 4 3 0073E 00000000
6178 0 2 0073D 00000000
6242 4 3 0073D 00000000
6253 0 2 00733 00000000
6317 4 3 00733 00000000
6319 0 2 00732 00000000
6383 4 3 00732 00000000
6385 0 2 00731 00000000
6449 4 3 00731 00000000
6451 0 2 00730 00000000
6515 4 3 00730 00000000
6525 0 2 00734 00000000
6589 4 3 00734 00000000
6591 0 2 00727 00000000
6655 4 3 00727 00000000
6657 0 2 00726 00000000
6721 4 3 00726 00000000
6723 0 2 00725 00000000
6787 4 3 00725 00000000
6789 0 2 00724 00000000
6853 4 3 00724 00000000
6855 0 2 00723 00000000
6919 4 3 00723 00000000
6930 0 2 00719 00000000
6994 4 3 00719 00000000
6996 0 2 00718 00000000
7060 4 3 00718 00000000
7062 0 2 00717 00000000
7126 4 3 00717 00000000
7128 0 2 00716 00000000
7192 4 3 00716 00000000
7202 0 2 0071A 00000000
7266 4 3 0071A 00000000
7268 0 2 0070D 00000000
7332 4 3 0070D 00000000
7334 0 2 0070C 00000000
7398 4 3 0070C 00000000
7400 0 2 0070B 00000000
7464 4 3 0070B 00000000
7466 0 2 0070A 00000000
7530 4 3 0070A 00000000
7532 0 2 00709 00000000
7596 4 3 00709 00000000
7607 0 2 006FF 00000000
7671 4 3 006FF 00000000
7673 0 2 006FE 00000000
7737 4 3 006FE 00000000
7739 0 2 006FD 00000000
7803 4 3 006FD 00000000
7805 0 2 006FC 00000000
7869 4 3 006FC 00000000
7879 0 2 00700 00000000
7943 4 3 00700 00000000
7946 0 2 006F3 00000000
8010 4 3 006F3 0000000A
8012 0 2 006F2 00000000
8076 4 3 006F2 00000000
8078 0 2 006F1 00000000
8142 4 3 006F1 00000000
8144 0 2 006F0 00000000
8208 4 3 006F0 00000000
8210 0 2 006EF 00000000
8274 4 3 006EF 00000000
8285 0 2 006E5 00000000
8349 4 3 006E5 00000000
8351 0 2 006E4 00000000
8415 4 3 006E4 00000000
8417 0 2 006E3 00000000
8481 4 3 006E3 00000000
8483 0 2 006E2 00000000
8547 4 3 006E2 00000000
8578 0 2 005D5 00000000
8642 4 3 005D5 00000000
8644 0 2 005C8 00000000
8708 4 3 005C8 00000000
8710 0 2 005C7 00000000
8774 4 3 005C7 00000000
8776 0 2 005C6 00000000
8840 4 3 005C6 00000000
8842 0 2 005C5 00000000
8906 4 3 005C5 00000000
8909 0 2 005C4 00000000
8973 4 3 005C4 00000000
8984 0 2 005BA 00000000
9048 4 3 005BA 00000000
9050 0 2 005B9 00000000
9114 4 3 005B9 00000000
9117 0 2 005B7 00000000
9181 4 3 005B7 00000000
9191 0 2 005BB 00000000
9255 4 3 005BB 00000000
9257 0 2 005AE 00000000
9321 4 3 005AE 00000000
9323 0 2 005AD 00000000
9387 4 3 005AD 00000000
9390 0 2 005AC 00000000
9454 4 3 005AC 00000000
9456 0 2 005AB 00000000
9520 4 3 005AB 00000000
9522 0 2 005AA 00000000
9586 4 3 005AA 00000000
9598 0 2 005A0 00000000
9662 4 3 005A0 00000000
9664 0 2 0059F 00000000
9728 4 3 0059F 00000000
9730 0 2 0059E 00000000
9794 4 3 0059E 00000000
9796 0 2 0059D 00000000
9860 4 3 0059D 00000000
9870 0 2 005A1 00000000
9934 4 3 005A1 00000000
9937 0 2 00594 00000000
10001 4 3 00594 00000000
10003 0 2 00593 00000000
10067 4 3 00593 00000000
10069 0 2 00592 00000000
10133 4 3 00592 00000000
10135 0 2 00591 00000000
10199 4 3 00591 00000000
10201 0 2 00590 00000000
10265 4 3 00590 00000000
10276 0 2 00586 00000000
10340 4 3 00586 00000000
10342 0 2 00585 00000000
10406 4 3 00585 00000000
10408 0 2 00584 00000000
10472 4 3 00584 00000000
10474 0 2 00583 00000000
10538 4 3 00583 00000000
10548 0 2 00587 00000000
10612 4 3 00587 00000000
10614 0 2 0057A 00000000
10678 4 3 0057A 00000000
10680 0 2 00579 00000000
10744 4 3 00579 00000000
10746 0 2 00578 00000000
10810 4 3 00578 00000000
10812 0 2 00577 00000000
10876 4 3 00577 00000000
10878 0 2 00576 00000000
10942 4 3 00576 00000000
10953 0 2 0056C 00000000
11017 4 3 0056C 00000000
11019 0 2 0056B 00000000
11083 4 3 0056B 00000000
11085 0 2 0056A 00000000
11149 4 3 0056A 00000000
11151 0 2 00569 00000000
11215 4 3 00569 00000000
11225 0 2 0056D 00000000
11289 4 3 0056D 00000000
11291 0 2 00560 00000000
11355 4 3 00560 00000000
11357 0 2 0055F 00000000
11421 4 3 0055F 00000000
11423 0 2 0055E 00000000
11487 4 3 0055E 00000000
11489 0 2 0055D 00000000
11553 4 3 0055D 00000000
11555 0 2 0055C 00000000
11619 4 3 0055C 00000000
11630 0 2 00552 00000000
11694 4 3 00552 00000000
11696 0 2 00551 00000000
11760 4 3 00551 00000000
11762 0 2 00550 00000000
11826 4 3 00550 00000000
11828 0 2 0054F 00000000
11892 4 3 0054F 00000000
11902 0 2 00553 00000000
11966 4 3 00553 00000000
11968 0 2 00546 00000000
12032 4 3 00546 00000000
12034 0 2 00545 00000000
12098 4 3 00545 00000000
12100 0 2 00544 00000000
12164 4 3 00544 00000000
12166 0 2 00543 00000000
12230 4 3 00543 00000000
12232 0 2 00542 00000000
12296 4 3 00542 00000000
12307 0 2 00538 00000000
12371 4 3 00538 00000000
12373 0 2 00537 00000000
12437 4 3 00537 00000000
12439 0 2 00536 00000000
12503 4 3 00536 00000000
12505 0 2 00535 00000000
12569 4 3 00535 00000000
12579 0 2 00539 00000000
12643 4 3 00539 00000000
12645 0 2 0052C 00000000
12709 4 3 0052C 00000000
12711 0 2 0052B 00000000
12775 4 3 0052B 00000000
12777 0 2 0052A 00000000
12841 4 3 0052A 00000000
12843 0 2 00529 00000000
12907 4 3 00529 00000000
12909 0 2 00528 00000000
12973 4 3 00528 00000000
12984 0 2 0051E 00000000
13048 4 3 0051E 00000000
13050 0 2 0051D 00000000
13114 4 3 0051D 00000000
13116 0 2 0051C 00000000
13180 4 3 0051C 00000000
13182 0 2 0051B 00000000
13246 4 3 0051B 00000000
13256 0 2 0051F 00000000
13320 4 3 0051F 00000000
13322 0 2 00512 00000000
13386 4 3 00512 00000000
13388 0 2 00511 00000000
13452 4 3 00511 00000000
13454 0 2 00510 00000000
13518 4 3 00510 00000000
13520 0 2 0050F 00000000
13584 4 3 0050F 00000000
13586 0 2 0050E 00000000
13650 4 3 0050E 00000000
13662 0 2 00504 00000000
13726 4 3 00504 00000000
13728 0 2 00503 00000000
13792 4 3 00503 00000000
13794 0 2 00502 00000000
13858 4 3 00502 00000000
13860 0 2 00501 00000000
13924 4 3 00501 00000000
13934 0 2 00505 00000000
13998 4 3 00505 00000000
14000 0 2 004F8 00000000
14064 4 3 004F8 00000000
14067 0 2 004F7 00000000
14131 4 3 004F7 00000010
14134 0 2 004F6 00000000
14198 4 3 004F6 00000000
14202 0 2 004F4 00000000
14266 4 3 004F4 00000000
14278 0 2 004EA 00000000
14342 4 3 004EA 00000000
14345 0 2 004E9 00000000
14409 4 3 004E9 00000000
14413 0 2 004E7 00000000
14477 4 3 004E7 00000000
14487 0 2 004EB 00000000
14551 4 3 004EB 00000000
14553 0 2 004DE 00000000
14617 4 3 004DE 00000000
14620 0 2 004DD 00000000
14684 4 3 004DD 00000004
14687 0 2 004DC 00000000
14751 4 3 004DC 00000000
14755 0 2 004DA 00000000
14819 4 3 004DA 00000000
14831 0 2 004D0 00000000
14895 4 3 004D0 00000000
14898 0 2 004CF 00000000
14962 4 3 004CF 00000000
14966 0 2 004CD 00000000
15030 4 3 004CD 00000000
15040 0 2 004D1 00000000
15104 4 3 004D1 00000000
15107 0 2 004C4 00000000
15171 4 3 004C4 00000018
15174 0 2 004C3 00000000
15238 4 3 004C3 00000001
15241 0 2 004C2 00000000
15305 4 3 004C2 00000000
15309 0 2 004C0 00000000
15373 4 3 004C0 00000000
15384 0 2 004B6 00000000
15448 4 3 004B6 00000000
15451 0 2 004B5 00000000
15515 4 3 004B5 00000001
15519 0 2 004B3 00000000
15583 4 3 004B3 00000000
15630 0 2 002D6 00000000
15694 4 3 002D6 00000000
15696 0 2 002C9 00000000
15760 4 3 002C9 00000000
15763 0 2 002C8 00000000
15827 4 3 002C8 00000000
15830 0 2 002C7 00000000
15894 4 3 002C7 00000000
15898 0 2 002C5 00000000
15962 4 3 002C5 00000000
15974 0 2 002BB 00000000
16038 4 3 002BB 00000000
16041 0 2 002BA 00000000
16105 4 3 002BA 00000000
16108 0 2 002B8 00000000
16172 4 3 002B8 00000000
16182 0 2 002BC 00000000
16183 2 3 002BC 00000000
16185 0 2 002AF 00000000
16249 4 3 002AF 00000000
16252 0 2 002AE 00000000
16316 4 3 002AE 00000000
16319 0 2 002AD 00000000
16383 4 3 002AD 00000000
16387 0 2 002AB 00000000
16451 4 3 002AB 00000000
16463 0 2 002A1 00000000
16527 4 3 002A1 00000000
16530 0 2 002A0 00000000
16594 4 3 002A0 00000000
16598 0 2 0029E 00000000
16662 4 3 0029E 00000000
16672 0 2 002A2 00000000
16673 2 3 002A2 00000000
16675 0 2 00295 00000000
16739 4 3 00295 00000000
16742 0 2 00294 00000000
16806 4 3 00294 00000000
16809 0 2 00293 00000000
16873 4 3 00293 00000000
16877 0 2 00291 00000000
16941 4 3 00291 00000000
16953 0 2 00287 00000000
17017 4 3 00287 00000000
17020 0 2 00286 00000000
17084 4 3 00286 00000000
17088 0 2 00284 00000000
17152 4 3 00284 00000000
17163 0 2 0027B 00000000
17227 4 3 0027B 00000000
17229 0 2 0026E 00000000
17293 4 3 0026E 00000000
17296 0 2 0026D 00000000
17360 4 3 0026D 00000000
17363 0 2 0026C 00000000
17427 4 3 0026C 00000000
17431 0 2 0026A 00000000
17495 4 3 0026A 00000000
17507 0 2 00260 00000000
17571 4 3 00260 00000000
17574 0 2 0025F 00000000
17638 4 3 0025F 00000000
17642 0 2 0025D 00000000
17706 4 3 0025D 00000000
17716 0 2 00261 00000000
17717 2 3 00261 00000000
17719 0 2 00254 00000000
17783 4 3 00254 00000000
17786 0 2 00253 00000000
17850 4 3 00253 00000000
17853 0 2 00252 00000000
17917 4 3 00252 00000000
17921 0 2 00250 00000000
17985 4 3 00250 00000000
17997 0 2 00246 00000000
18061 4 3 00246 00000000
18064 0 2 00245 00000000
18128 4 3 00245 00000000
18132 0 2 00243 00000000
18196 4 3 00243 00000000
18206 0 2 00247 00000000
18207 2 3 00247 00000000
18209 0 2 0023A 00000000
18273 4 3 0023A 00000000
18276 0 2 00239 00000000
18340 4 3 00239 00000000
18343 0 2 00238 00000000
18407 4 3 00238 00000000
18411 0 2 00236 00000000
18475 4 3 00236 00000000
18487 0 2 0022C 00000000
18551 4 3 0022C 00000000
18554 0 2 0022B 00000000
18618 4 3 0022B 00000000
18622 0 2 00229 00000000
18686 4 3 00229 00000000
18696 0 2 0022D 00000000
18697 2 3 0022D 00000000
18699 0 2 00220 00000000
18763 4 3 00220 00000000
18766 0 2 0021F 00000000
18830 4 3 0021F 00000000
18833 0 2 0021E 00000000
18897 4 3 0021E 00000000
18901 0 2 0021C 00000000
18965 4 3 0021C 00000000
18977 0 2 00212 00000000
19041 4 3 00212 00000000
19044 0 2 00211 00000000
19108 4 3 00211 00000000
19112 0 2 0020F 00000000
19176 4 3 0020F 00000000
19186 0 2 00213 00000000
19187 2 3 00213 00000000
19189 0 2 00206 00000000
19253 4 3 00206 00000000
19256 0 2 00205 00000000
19320 4 3 00205 00000000
19323 0 2 00204 00000000
19387 4 3 00204 00000000
19391 0 2 00202 00000000
19455 4 3 00202 00000000
19467 0 2 001F8 00000000
19531 4 3 001F8 00000000
19534 0 2 001F7 00000000
19598 4 3 001F7 00000000
19601 0 2 001F5 00000000
19665 4 3 001F5 00000000
19675 0 2 001F9 00000000
19676 1 3 001F9 00000000
19678 0 2 001EC 00000000
19742 4 3 001EC 00000000
19745 0 2 001EB 00000000
19809 4 3 001EB 00000000
19812 0 2 001EA 00000000
19876 4 3 001EA 00000000
19879 0 2 001E8 00000000
19943 4 3 001E8 00000000
19955 0 2 001DE 00000000
20019 4 3 001DE 00000000
20022 0 2 001DD 00000000
20086 4 3 001DD 00000000
20089 0 2 001DB 00000000
20153 4 3 001DB 00000000
20163 0 2 001DF 00000000
20164 1 3 001DF 00000000
20166 0 2 001D2 00000000
20230 4 3 001D2 00000000
20233 0 2 001D1 00000000
20297 4 3 001D1 00000000
20300 0 2 001D0 00000000
20364 4 3 001D0 00000000
20367 0 2 001CE 00000000
20431 4 3 001CE 00000000
20443 0 2 001C4 00000000
20507 4 3 001C4 00000000
20510 0 2 001C3 00000000
20574 4 3 001C3 00000000
20577 0 2 001C1 00000000
20641 4 3 001C1 00000000
20672 0 2 000B4 00000000
20736 4 3 000B4 00000000
20739 0 2 000A7 00000000
20803 4 3 000A7 00000101
20805 0 2 000A6 00000000
20869 4 3 000A6 00000000
20871 0 2 000A5 00000000
20935 4 3 000A5 00000000
20937 0 2 000A4 00000000
20939 0 3 000A4 00000200
20941 0 2 000A3 00000000
21005 4 3 000A3 00000000
21016 0 2 00099 00000000
21080 4 3 00099 00000000
21082 0 2 00098 00000000
21146 4 3 00098 00000000
21148 0 2 00097 00000000
21150 0 3 00097 00000200
21152 0 2 00096 00000000
21216 4 3 00096 00000000
21227 0 2 0008C 00000000
21291 4 3 0008C 00000000
21293 0 2 0008B 00000000
21357 4 3 0008B 00000000
21359 0 2 0008A 00000000
21361 0 3 0008A 00000200
21363 0 2 00089 00000000
21427 4 3 00089 00000000
21438 0 2 0007F 00000000
21502 4 3 0007F 00000000
21504 0 2 0007E 00000000
21568 4 3 0007E 00000000
21570 0 2 0007D 00000000
21572 0 3 0007D 00000200
21574 0 2 0007C 00000000
21638 4 3 0007C 00000000
21649 0 2 00072 00000000
21713 4 3 00072 00000000
21715 0 2 00071 00000000
21779 4 3 00071 00000000
21781 0 2 00070 00000000
21783 0 3 00070 00000200
21785 0 2 0006F 00000000
21849 4 3 0006F 00000000
21860 0 2 00065 00000000
21924 4 3 00065 00000000
21926 0 2 00064 00000000
21990 4 3 00064 00000000
21992 0 2 00063 00000000
21994 0 3 00063 00000200
21996 0 2