0 000 --- --- --- --- 00000000 00000000 00000000 00000000 00000000 00000000 00000000 00000000 00000000 00000000 00000000 00000000 00000000 00000000
1 001 000 --- --- --- 00000000 00000000 00000000 00000000 00000000 00000000 00000000 00000000 00000000 00000000 00000000 00000000 00000000 00000000
2 002 001 000 --- --- 00000000 00000000 00000000 00000000 00000000 00000000 00000000 00000000 00000000 00000000 00000000 00000000 00000000 00000000
3 003 002 001 000 --- 00000000 00000000 00000000 00000000 00000000 00000000 00000000 00000000 00000000 00000000 00000000 00000000 00000000 00000000
4 004 003 002 001 000 00000000 00000000 00000000 00000000 00000000 00000000 00000000 00000000 00000000 00000000 00000000 00000000 00000000 00000000
5 000 004 003 002 001 00000000 00000000 00000000 00000000 00000000 00000000 00000000 00000000 00000000 00000000 00000000 00000000 00000000 00000000
6 001 000 004 003 002 00000001 00000000 00000000 00000000 00000000 00000000 00000000 00000000 00000000 00000000 00000000 00000000 00000000 00000000
7 001 000 --- 004 003 00000001 00000000 00000000 00000000 00000000 00000000 00000000 00000000 00000000 00000000 00000000 00000000 00000000 00000000
8 002 001 000 --- 004 00000001 00000000 00000000 00000000 00000000 00000000 00000000 00000000 00000000 00000000 00000000 00000000 00000000 00000000
9 003 002 001 --- 000 00000001 00000000 00000000 00000001 00000000 00000000 00000000 00000000 00000000 00000000 00000000 00000000 00000000 00000000
10 003 002 --- 001 --- 00000001 00000000 00000000 00000001 00000000 00000000 00000000 00000000 00000000 00000000 00000000 00000000 00000000 00000000
11 004 003 002 --- 001 00000001 00000000 00000000 00000001 00000000 00000000 00000000 00000000 00000000 00000000 00000000 00000000 00000000 00000000
12 000 004 003 002 --- 00000002 00000000 00000000 00000001 00000000 00000000 00000000 00000000 00000000 00000000 00000000 00000000 00000000 00000000
13 001 000 004 003 002 00000002 00000000 00000000 00000001 00000000 00000000 00000000 00000000 00000000 00000000 00000000 00000000 00000000 00000000
14 001 000 --- 004 003 00000002 00000000 00000000 00000001 00000000 00000000 00000000 00000000 00000000 00000000 00000000 00000000 00000000 00000000
15 002 001 000 --- 004 00000002 00000000 00000000 00000001 00000000 00000000 00000000 00000000 00000000 00000000 00000000 00000000 00000000 00000000
16 003 002 001 --- 000 00000002 00000000 00000000 00000002 00000000 00000000 00000000 00000000 00000000 00000000 00000000 00000000 00000000 00000000
17 003 002 --- 001 --- 00000002 00000000 00000000 00000002 00000000 00000000 00000000 00000000 00000000 00000000 00000000 00000000 00000000 00000000
18 004 003 002 --- 001 00000002 00000000 00000000 00000002 00000000 00000000 00000000 00000000 00000000 00000000 00000000 00000000 00000000 00000000
19 000 004 003 002 --- 00000003 00000000 00000000 00000002 00000000 00000000 00000000 00000000 00000000 00000000 00000000 00000000 00000000 00000000
20 001 000 004 003 002 00000003 00000000 00000000 00000002 00000000 00000000 00000000 00000000 00000000 00000000 00000000 00000000 00000000 00000000
21 001 000 --- 004 003 00000003 00000000 00000000 00000002 00000000 00000000 00000000 00000000 00000000 00000000 00000000 00000000 00000000 00000000
22 002 001 000 --- 004 00000003 00000000 00000000 00000002 00000000 00000000 00000000 00000000 00000000 00000000 00000000 00000000 00000000 00000000
23 003 002 001 --- 000 00000003 00000000 00000000 00000003 00000000 00000000 00000000 00000000 00000000 00000000 00000000 00000000 00000000 00000000
24 003 002 --- 001 --- 00000003 00000000 00000000 00000003 00000000 00000000 00000000 00000000 00000000 00000000 00000000 00000000 00000000 00000000
25 004 003 002 --- 001 00000003 00000000 00000000 00000003 00000000 00000000 00000000 00000000 00000000 00000000 00000000 00000000 00000000 00000000
26 000 004 003 002 --- 00000004 00000000 00000000 00000003 00000000 00000000 00000000 00000000 00000000 00000000 00000000 00000000 00000000 00000000
27 001 000 004 003 002 00000004 00000000 00000000 00000003 00000000 00000000 00000000 00000000 00000000 00000000 00000000 00000000 00000000 00000000
28 001 000 --- 004 003 00000004 00000000 00000000 00000003 00000000 00000000 00000000 00000000 00000000 00000000 00000000 00000000 00000000 00000000
29 002 001 000 --- 004 00000004 00000000 00000000 00000003 00000000 00000000 00000000 00000000 00000000 00000000 00000000 00000000 00000000 00000000
30 003 002 001 --- 000 00000004 00000000 00000000 00000004 00000000 00000000 00000000 00000000 00000000 00000000 00000000 00000000 00000000 00000000
31 003 002 --- 001 --- 00000004 00000000 00000000 00000004 00000000 00000000 00000000 00000000 00000000 00000000 00000000 00000000 00000000 00000000
32 004 003 002 --- 001 00000004 00000000 00000000 00000004 00000000 00000000 00000000 00000000 00000000 00000000 00000000 00000000 00000000 00000000
33 000 004 003 002 --- 00000005 00000000 00000000 00000004 00000000 00000000 00000000 00000000 00000000 00000000 00000000 00000000 00000000 00000000
34 001 000 004 003 002 00000005 00000000 00000000 00000004 00000000 00000000 00000000 00000000 00000000 00000000 00000000 00000000 00000000 00000000
35 001 000 --- 004 003 00000005 00000000 00000000 00000004 00000000 00000000 00000000 00000000 00000000 00000000 00000000 00000000 00000000 00000000
36 002 001 000 --- 004 00000005 00000000 00000000 00000004 00000000 00000000 00000000 00000000 00000000 00000000 00000000 00000000 00000000 00000000
37 003 002 001 --- 000 00000005 00000000 00000000 00000005 00000000 00000000 00000000 00000000 00000000 00000000 00000000 00000000 00000000 00000000
38 003 002 --- 001 --- 00000005 00000000 00000000 00000005 00000000 00000000 00000000 00000000 00000000 00000000 00000000 00000000 00000000 00000000
39 004 003 002 --- 001 00000005 00000000 00000000 00000005 00000000 00000000 00000000 00000000 00000000 00000000 00000000 00000000 00000000 00000000
40 000 004 003 002 --- 00000006 00000000 00000000 00000005 00000000 00000000 00000000 00000000 00000000 00000000 00000000 00000000 00000000 00000000
41 001 000 004 003 002 00000006 00000000 00000000 00000005 00000000 00000000 00000000 00000000 00000000 00000000 00000000 00000000 00000000 00000000
42 001 000 --- 004 003 00000006 00000000 00000000 00000005 00000000 00000000 00000000 00000000 00000000 00000000 00000000 00000000 00000000 00000000
43 002 001 000 --- 004 00000006 00000000 00000000 00000005 00000000 00000000 00000000 00000000 00000000 00000000 00000000 00000000 00000000 00000000
44 003 002 001 --- 000 00000006 00000000 00000000 00000006 00000000 00000000 00000000 00000000 00000000 00000000 00000000 00000000 00000000 00000000
45 003 002 --- 001 --- 00000006 00000000 00000000 00000006 00000000 00000000 00000000 00000000 00000000 00000000 00000000 00000000 00000000 00000000
46 004 003 002 --- 001 00000006 00000000 00000000 00000006 00000000 00000000 00000000 00000000 00000000 00000000 00000000 00000000 00000000 00000000
47 000 004 003 002 --- 00000007 00000000 00000000 00000006 00000000 00000000 00000000 00000000 00000000 00000000 00000000 00000000 00000000 00000000
48 001 000 004 003 002 00000007 00000000 00000000 00000006 00000000 00000000 00000000 00000000 00000000 00000000 00000000 00000000 00000000 00000000
49 001 000 --- 004 003 00000007 00000000 00000000 00000006 00000000 00000000 00000000 00000000 00000000 00000000 00000000 00000000 00000000 00000000
50 002 001 000 --- 004 00000007 00000000 00000000 00000006 00000000 00000000 00000000 00000000 00000000 00000000 00000000 00000000 00000000 00000000
51 003 002 001 --- 000 00000007 00000000 00000000 00000007 00000000 00000000 00000000 00000000 00000000 00000000 00000000 00000000 00000000 00000000
52 003 002 --- 001 --- 00000007 00000000 00000000 00000007 00000000 00000000 00000000 00000000 00000000 00000000 00000000 00000000 00000000 00000000
53 004 003 002 --- 001 00000007 00000000 00000000 00000007 00000000 00000000 00000000 00000000 00000000 00000000 00000000 00000000 00000000 00000000
54 000 004 003 002 --- 00000008 00000000 00000000 00000007 00000000 00000000 00000000 00000000 00000000 00000000 00000000 00000000 00000000 00000000
55 001 000 004 003 002 00000008 00000000 00000000 00000007 00000000 00000000 00000000 00000000 00000000 00000000 00000000 00000000 00000000 00000000
56 001 000 --- 004 003 00000008 00000000 00000000 00000007 00000000 00000000 00000000 00000000 00000000 00000000 00000000 00000000 00000000 00000000
57 002 001 000 --- 004 00000008 00000000 00000000 00000007 00000000 00000000 00000000 00000000 00000000 00000000 00000000 00000000 00000000 00000000
58 003 002 001 --- 000 00000008 00000000 00000000 00000008 00000000 00000000 00000000 00000000 00000000 00000000 00000000 00000000 00000000 00000000
59 003 002 --- 001 --- 00000008 00000000 00000000 00000008 00000000 00000000 00000000 00000000 00000000 00000000 00000000 00000000 00000000 00000000
60 004 003 002 --- 001 00000008 00000000 00000000 00000008 00000000 00000000 00000000 00000000 00000000 00000000 00000000 00000000 00000000 00000000
61 000 004 003 002 --- 00000009 00000000 00000000 00000008 00000000 00000000 00000000 00000000 00000000 00000000 00000000 00000000 00000000 00000000
62 001 000 004 003 002 00000009 00000000 00000000 00000008 00000000 00000000 00000000 00000000 00000000 00000000 00000000 00000000 00000000 00000000
63 001 000 --- 004 003 00000009 00000000 00000000 00000008 00000000 00000000 00000000 00000000 00000000 00000000 00000000 00000000 00000000 00000000
64 002 001 000 --- 004 00000009 00000000 00000000 00000008 00000000 00000000 00000000 00000000 00000000 00000000 00000000 00000000 00000000 00000000
65 003 002 001 --- 000 00000009 00000000 00000000 00000009 00000000 00000000 00000000 00000000 00000000 00000000 00000000 00000000 00000000 00000000
66 003 002 --- 001 --- 00000009 00000000 00000000 00000009 00000000 00000000 00000000 00000000 00000000 00000000 00000000 00000000 00000000 00000000
67 004 003 002 --- 001 00000009 00000000 00000000 00000009 00000000 00000000 00000000 00000000 00000000 00000000 00000000 00000000 00000000 00000000
68 000 004 003 002 --- 0000000A 00000000 00000000 00000009 00000000 00000000 00000000 00000000 00000000 00000000 00000000 00000000 00000000 00000000
69 001 000 004 003 002 0000000A 00000000 00000000 00000009 00000000 00000000 00000000 00000000 00000000 00000000 00000000 00000000 00000000 00000000
70 002 001 000 004 003 00000000 00000000 00000000 00000009 00000000 00000000 00000000 00000000 00000000 00000000 00000000 00000000 00000000 00000000
71 003 002 001 000 004 00000000 00000000 00000000 00000009 00000000 00000000 00000000 00000000 00000000 00000000 00000000 00000000 00000000 00000000
72 004 003 002 001 000 00000000 00000000 00000000 0000000A 00000000 00000000 00000000 00000000 00000000 00000000 00000000 00000000 00000000 00000000
73 000 004 003 002 001 00000000 00000000 00000000 0000000A 00000000 00000000 00000000 00000000 00000000 00000000 00000000 00000000 00000000 00000000
74 001 000 004 003 002 00000001 00000000 00000000 0000000A 00000000 00000000 00000000 00000000 00000000 00000000 00000000 00000000 00000000 00000000
75 001 000 --- 004 003 00000001 00000000 00000000 0000000A 00000000 00000000 00000000 00000000 00000000 00000000 00000000 00000000 00000000 00000000
76 002 001 000 --- 004 00000001 00000000 00000000 0000000A 00000000 00000000 00000000 00000000 00000000 00000000 00000000 00000000 00000000 00000000
77 003 002 001 --- 000 00000001 00000000 00000000 0000000B 00000000 00000000 00000000 00000000 00000000 00000000 00000000 00000000 00000000 00000000
78 003 002 --- 001 --- 00000001 00000000 00000000 0000000B 00000000 00000000 00000000 00000000 00000000 00000000 00000000 00000000 00000000 00000000
79 004 003 002 --- 001 00000001 00000000 00000000 0000000B 00000000 00000000 00000000 00000000 00000000 00000000 00000000 00000000 00000000 00000000
80 000 004 003 002 --- 00000002 00000000 00000000 0000000B 00000000 00000000 00000000 00000000 00000000 00000000 00000000 00000000 00000000 00000000
81 001 000 004 003 002 00000002 00000000 00000000 0000000B 00000000 00000000 00000000 00000000 00000000 00000000 00000000 00000000 00000000 00000000
82 001 000 --- 004 003 00000002 00000000 00000000 0000000B 00000000 00000000 00000000 00000000 00000000 00000000 00000000 00000000 00000000 00000000
83 002 001 000 --- 004 00000002 00000000 00000000 0000000B 00000000 00000000 00000000 00000000 00000000 00000000 00000000 00000000 00000000 00000000
84 003 002 001 --- 000 00000002 00000000 00000000 0000000C 00000000 00000000 00000000 00000000 00000000 00000000 00000000 00000000 00000000 00000000
85 003 002 --- 001 --- 00000002 00000000 00000000 0000000C 00000000 00000000 00000000 00000000 00000000 00000000 00000000 00000000 00000000 00000000
86 004 003 002 --- 001 00000002 00000000 00000000 0000000C 00000000 00000000 00000000 00000000 00000000 00000000 00000000 00000000 00000000 00000000
87 000 004 003 002 --- 00000003 00000000 00000000 0000000C 00000000 00000000 00000000 00000000 00000000 00000000 00000000 00000000 00000000 00000000
88 001 000 004 003 002 00000003 00000000 00000000 0000000C 00000000 00000000 00000000 00000000 00000000 00000000 00000000 00000000 00000000 00000000
89 001 000 --- 004 003 00000003 00000000 00000000 0000000C 00000000 00000000 00000000 00000000 00000000 00000000 00000000 00000000 00000000 00000000
90 002 001 000 --- 004 00000003 00000000 00000000 0000000C 00000000 00000000 00000000 00000000 00000000 00000000 00000000 00000000 00000000 00000000
91 003 002 001 --- 000 00000003 00000000 00000000 0000000D 00000000 00000000 00000000 00000000 00000000 00000000 00000000 00000000 00000000 00000000
92 003 002 --- 001 --- 00000003 00000000 00000000 0000000D 00000000 00000000 00000000 00000000 00000000 00000000 00000000 00000000 00000000 00000000
93 004 003 002 --- 001 00000003 00000000 00000000 0000000D 00000000 00000000 00000000 00000000 00000000 00000000 00000000 00000000 00000000 00000000
94 000 004 003 002 --- 00000004 00000000 00000000 0000000D 00000000 00000000 00000000 00000000 00000000 00000000 00000000 00000000 00000000 00000000
95 001 000 004 003 002 00000004 00000000 00000000 0000000D 00000000 00000000 00000000 00000000 00000000 00000000 00000000 00000000 00000000 00000000
96 001 000 --- 004 003 00000004 00000000 00000000 0000000D 00000000 00000000 00000000 00000000 00000000 00000000 00000000 00000000 00000000 00000000
97 002 001 000 --- 004 00000004 00000000 00000000 0000000D 00000000 00000000 00000000 00000000 00000000 00000000 00000000 00000000 00000000 00000000
98 003 002 001 --- 000 00000004 00000000 00000000 0000000E 00000000 00000000 00000000 00000000 00000000 00000000 00000000 00000000 00000000 00000000
99 003 002 --- 001 --- 00000004 00000000 00000000 0000000E 00000000 00000000 00000000 00000000 00000000 00000000 00000000 00000000 00000000 00000000
100 004 003 002 --- 001 00000004 00000000 00000000 0000000E 00000000 00000000 00000000 00000000 00000000 00000000 00000000 00000000 00000000 00000000
101 000 004 003 002 --- 00000005 00000000 00000000 0000000E 00000000 00000000 00000000 00000000 00000000 00000000 00000000 00000000 00000000 00000000
102 001 000 004 003 002 00000005 00000000 00000000 0000000E 00000000 00000000 00000000 00000000 00000000 00000000 00000000 00000000 00000000 00000000
103 001 000 --- 004 003 00000005 00000000 00000000 0000000E 00000000 00000000 00000000 00000000 00000000 00000000 00000000 00000000 00000000 00000000
104 002 001 000 --- 004 00000005 00000000 00000000 0000000E 00000000 00000000 00000000 00000000 00000000 00000000 00000000 00000000 00000000 00000000
105 003 002 001 --- 000 00000005 00000000 00000000 0000000F 00000000 00000000 00000000 00000000 00000000 00000000 00000000 00000000 00000000 00000000
106 003 002 --- 001 --- 00000005 00000000 00000000 0000000F 00000000 00000000 00000000 00000000 00000000 00000000 00000000 00000000 00000000 00000000
107 004 003 002 --- 001 00000005 00000000 00000000 0000000F 00000000 00000000 00000000 00000000 00000000 00000000 00000000 00000000 00000000 00000000
108 000 004 003 002 --- 00000006 00000000 00000000 0000000F 00000000 00000000 00000000 00000000 00000000 00000000 00000000 00000000 00000000 00000000
109 001 000 004 003 002 00000006 00000000 00000000 0000000F 00000000 00000000 00000000 00000000 00000000 00000000 00000000 00000000 00000000 00000000
110 001 000 --- 004 003 00000006 00000000 00000000 0000000F 00000000 00000000 00000000 00000000 00000000 00000000 00000000 00000000 00000000 00000000
111 002 001 000 --- 004 00000006 00000000 00000000 0000000F 00000000 00000000 00000000 00000000 00000000 00000000 00000000 00000000 00000000 00000000
112 003 002 001 --- 000 00000006 00000000 00000000 00000010 00000000 00000000 00000000 00000000 00000000 00000000 00000000 00000000 00000000 00000000
113 003 002 --- 001 --- 00000006 00000000 00000000 00000010 00000000 00000000 00000000 00000000 00000000 00000000 00000000 00000000 00000000 00000000
114 004 003 002 --- 001 00000006 00000000 00000000 00000010 00000000 00000000 00000000 00000000 00000000 00000000 00000000 00000000 00000000 00000000
115 000 004 003 002 --- 00000007 00000000 00000000 00000010 00000000 00000000 00000000 00000000 00000000 00000000 00000000 00000000 00000000 00000000
116 001 000 004 003 002 00000007 00000000 00000000 00000010 00000000 00000000 00000000 00000000 00000000 00000000 00000000 00000000 00000000 00000000
117 001 000 --- 004 003 00000007 00000000 00000000 00000010 00000000 00000000 00000000 00000000 00000000 00000000 00000000 00000000 00000000 00000000
118 002 001 000 --- 004 00000007 00000000 00000000 00000010 00000000 00000000 00000000 00000000 00000000 00000000 00000000 00000000 00000000 00000000
119 003 002 001 --- 000 00000007 00000000 00000000 00000011 00000000 00000000 00000000 00000000 00000000 00000000 00000000 00000000 00000000 00000000
120 003 002 --- 001 --- 00000007 00000000 00000000 00000011 00000000 00000000 00000000 00000000 00000000 00000000 00000000 00000000 00000000 00000000
121 004 003 002 --- 001 00000007 00000000 00000000 00000011 00000000 00000000 00000000 00000000 00000000 00000000 00000000 00000000 00000000 00000000
122 000 004 003 002 --- 00000008 00000000 00000000 00000011 00000000 00000000 00000000 00000000 00000000 00000000 00000000 00000000 00000000 00000000
123 001 000 004 003 002 00000008 00000000 00000000 00000011 00000000 00000000 00000000 00000000 00000000 00000000 00000000 00000000 00000000 00000000
124 001 000 --- 004 003 00000008 00000000 00000000 00000011 00000000 00000000 00000000 00000000 00000000 00000000 00000000 00000000 00000000 00000000
125 002 001 000 --- 004 00000008 00000000 00000000 00000011 00000000 00000000 00000000 00000000 00000000 00000000 00000000 00000000 00000000 00000000
126 003 002 001 --- 000 00000008 00000000 00000000 00000012 00000000 00000000 00000000 00000000 00000000 00000000 00000000 00000000 00000000 00000000
127 003 002 --- 001 --- 00000008 00000000 00000000 00000012 00000000 00000000 00000000 00000000 00000000 00000000 00000000 00000000 00000000 00000000
128 004 003 002 --- 001 00000008 00000000 00000000 00000012 00000000 00000000 00000000 00000000 00000000 00000000 00000000 00000000 00000000 00000000
129 000 004 003 002 --- 00000009 00000000 00000000 00000012 00000000 00000000 00000000 00000000 00000000 00000000 00000000 00000000 00000000 00000000
130 001 000 004 003 002 00000009 00000000 00000000 00000012 00000000 00000000 00000000 00000000 00000000 00000000 00000000 00000000 00000000 00000000
131 001 000 --- 004 003 00000009 00000000 00000000 00000012 00000000 00000000 00000000 00000000 00000000 00000000 00000000 00000000 00000000 00000000
132 002 001 000 --- 004 00000009 00000000 00000000 00000012 00000000 00000000 00000000 00000000 00000000 00000000 00000000 00000000 00000000 00000000
133 003 002 001 --- 000 00000009 00000000 00000000 00000013 00000000 00000000 00000000 00000000 00000000 00000000 00000000 00000000 00000000 00000000
134 003 002 --- 001 --- 00000009 00000000 00000000 00000013 00000000 00000000 00000000 00000000 00000000 00000000 00000000 00000000 00000000 00000000
135 004 003 002 --- 001 00000009 00000000 00000000 00000013 00000000 00000000 00000000 00000000 00000000 00000000 00000000 00000000 00000000 00000000
136 000 004 003 002 --- 0000000A 00000000 00000000 00000013 00000000 00000000 00000000 00000000 00000000 00000000 00000000 00000000 00000000 00000000
137 001 000 004 003 002 0000000A 00000000 00000000 00000013 00000000 00000000 00000000 00000000 00000000 00000000 00000000 00000000 00000000 00000000
138 002 001 000 004 003 0000000A 00000000 00000000 00000013 00000000 00000000 00000000 00000000 00000000 00000000 00000000 00000000 00000000 00000000
139 003 002 001 000 004 0000000A 00000000 00000000 00000013 00000000 00000000 00000000 00000000 00000000 00000000 00000000 00000000 00000000 00000000
140 004 003 002 001 000 0000000A 00000000 00000000 00000014 00000000 00000000 00000000 00000000 00000000 00000000 00000000 00000000 00000000 00000000
141 000 004 003 002 001 00000000 00000000 00000000 00000014 00000000 00000000 00000000 00000000 00000000 00000000 00000000 00000000 00000000 00000000
142 001 000 004 003 002 00000001 00000000 00000000 00000014 00000000 00000000 00000000 00000000 00000000 00000000 00000000 00000000 00000000 00000000
143 002 001 000 004 003 00000001 00000000 00000000 00000014 00000000 00000000 00000000 00000000 00000000 00000000 00000000 00000000 00000000 00000000
144 003 002 001 000 004 00000001 00000000 00000000 00000014 00000000 00000000 00000000 00000000 00000000 00000000 00000000 00000000 00000000 00000000
145 004 003 002 001 000 00000001 00000000 00000000 00000015 00000000 00000000 00000000 00000000 00000000 00000000 00000000 00000000 00000000 00000000
146 000 004 003 002 001 00000000 00000000 00000000 00000015 00000000 00000000 00000000 00000000 00000000 00000000 00000000 00000000 00000000 00000000
147 001 000 004 003 002 00000001 00000000 00000000 00000015 00000000 00000000 00000000 00000000 00000000 00000000 00000000 00000000 00000000 00000000
148 002 001 000 004 003 00000001 00000000 00000000 00000015 00000000 00000000 00000000 00000000 00000000 00000000 00000000 00000000 00000000 00000000
149 003 002 001 000 004 00000001 00000000 00000000 00000015 00000000 00000000 00000000 00000000 00000000 00000000 00000000 00000000 00000000 00000000
150 004 003 002 001 000 00000001 00000000 00000000 00000016 00000000 00000000 00000000 00000000 00000000 00000000 00000000 00000000 00000000 00000000
151 000 004 003 002 001 00000000 00000000 00000000 00000016 00000000 00000000 00000000 00000000 00000000 00000000 00000000 00000000 00000000 00000000
152 001 000 004 003 002 00000001 00000000 00000000 00000016 00000000 00000000 00000000 00000000 00000000 00000000 00000000 00000000 00000000 00000000
153 002 001 000 004 003 00000001 00000000 00000000 00000016 00000000 00000000 00000000 00000000 00000000 00000000 00000000 00000000 00000000 00000000
154 003 002 001 000 004 00000001 00000000 00000000 00000016 00000000 00000000 00000000 00000000 00000000 00000000 00000000 00000000 00000000 00000000
155 004 003 002 001 000 00000001 00000000 00000000 00000017 00000000 00000000 00000000 00000000 00000000 00000000 00000000 00000000 00000000 00000000
156 000 004 003 002 001 00000000 00000000 00000000 00000017 00000000 00000000 00000000 00000000 00000000 00000000 00000000 00000000 00000000 00000000
157 001 000 004 003 002 00000001 00000000 00000000 00000017 00000000 00000000 00000000 00000000 00000000 00000000 00000000 00000000 00000000 00000000
158 002 001 000 004 003 00000001 00000000 00000000 00000017 00000000 00000000 00000000 00000000 00000000 00000000 00000000 00000000 00000000 00000000
159 003 002 001 000 004 00000001 00000000 00000000 00000017 00000000 00000000 00000000 00000000 00000000 00000000 00000000 00000000 00000000 00000000
160 004 003 002 001 000 00000001 00000000 00000000 00000018 00000000 00000000 00000000 00000000 00000000 00000000 00000000 00000000 00000000 00000000
161 000 004 003 002 001 00000000 00000000 00000000 00000018 00000000 00000000 00000000 00000000 00000000 00000000 00000000 00000000 00000000 00000000
162 001 000 004 003 002 00000001 00000000 00000000 00000018 00000000 00000000 00000000 00000000 00000000 00000000 00000000 00000000 00000000 00000000
163 002 001 000 004 003 00000001 00000000 00000000 00000018 00000000 00000000 00000000 00000000 00000000 00000000 00000000 00000000 00000000 00000000
164 003 002 001 000 004 00000001 00000000 00000000 00000018 00000000 00000000 00000000 00000000 00000000 00000000 00000000 00000000 00000000 00000000
165 004 003 002 001 000 00000001 00000000 00000000 00000019 00000000 00000000 00000000 00000000 00000000 00000000 00000000 00000000 00000000 00000000
166 000 004 003 002 001 00000000 00000000 00000000 00000019 00000000 00000000 00000000 00000000 00000000 00000000 00000000 00000000 00000000 00000000
167 001 000 004 003 002 00000001 00000000 00000000 00000019 00000000 00000000 00000000 00000000 00000000 00000000 00000000 00000000 00000000 00000000
168 002 001 000 004 003 00000001 00000000 00000000 00000019 00000000 00000000 00000000 00000000 00000000 00000000 00000000 00000000 00000000 00000000
169 003 002 001 000 004 00000001 00000000 00000000 00000019 00000000 00000000 00000000 00000000 00000000 00000000 00000000 00000000 00000000 00000000
170 004 003 002 001 000 00000001 00000000 00000000 0000001A 00000000 00000000 00000000 00000000 00000000 00000000 00000000 00000000 00000000 00000000
171 000 004 003 002 001 00000000 00000000 00000000 0000001A 00000000 00000000 00000000 00000000 00000000 00000000 00000000 00000000 00000000 00000000
172 001 000 004 003 002 00000001 00000000 00000000 0000001A 00000000 00000000 00000000 00000000 00000000 00000000 00000000 00000000 00000000 00000000
173 002 001 000 004 003 00000001 00000000 00000000 0000001A 00000000 00000000 00000000 00000000 00000000 00000000 00000000 00000000 00000000 00000000
174 003 002 001 000 004 00000001 00000000 00000000 0000001A 00000000 00000000 00000000 00000000 00000000 00000000 00000000 00000000 00000000 00000000
175 004 003 002 001 000 00000001 00000000 00000000 0000001B 00000000 00000000 00000000 00000000 00000000 00000000 00000000 00000000 00000000 00000000
176 000 004 003 002 001 00000000 00000000 00000000 0000001B 00000000 00000000 00000000 00000000 00000000 00000000 00000000 00000000 00000000 00000000
177 001 000 004 003 002 00000001 00000000 00000000 0000001B 00000000 00000000 00000000 00000000 00000000 00000000 00000000 00000000 00000000 00000000
178 002 001 000 004 003 00000001 00000000 00000000 0000001B 00000000 00000000 00000000 00000000 00000000 00000000 00000000 00000000 00000000 00000000
179 003 002 001 000 004 00000001 00000000 00000000 0000001B 00000000 00000000 00000000 00000000 00000000 00000000 00000000 00000000 00000000 00000000
180 004 003 002 001 000 00000001 00000000 00000000 0000001C 00000000 00000000 00000000 00000000 00000000 00000000 00000000 00000000 00000000 00000000
181 000 004 003 002 001 00000000 00000000 00000000 0000001C 00000000 00000000 00000000 00000000 00000000 00000000 00000000 00000000 00000000 00000000
182 001 000 004 003 002 00000001 00000000 00000000 0000001C 00000000 00000000 00000000 00000000 00000000 00000000 00000000 00000000 00000000 00000000
183 002 001 000 004 003 00000001 00000000 00000000 0000001C 00000000 00000000 00000000 00000000 00000000 00000000 00000000 00000000 00000000 00000000
184 003 002 001 000 004 00000001 00000000 00000000 0000001C 00000000 00000000 00000000 00000000 00000000 00000000 00000000 00000000 00000000 00000000
185 004 003 002 001 000 00000001 00000000 00000000 0000001D 00000000 00000000 00000000 00000000 00000000 00000000 00000000 00000000 00000000 00000000
186 000 004 003 002 001 00000000 00000000 00000000 0000001D 00000000 00000000 00000000 00000000 00000000 00000000 00000000 00000000 00000000 00000000
187 001 000 004 003 002 00000001 00000000 00000000 0000001D 00000000 00000000 00000000 00000000 00000000 00000000 00000000 00000000 00000000 00000000
188 002 001 000 004 003 00000001 00000000 00000000 0000001D 00000000 00000000 00000000 00000000 00000000 00000000 00000000 00000000 00000000 00000000
189 003 002 001 000 004 00000001 00000000 00000000 0000001D 00000000 00000000 00000000 00000000 00000000 00000000 00000000 00000000 00000000 00000000
190 004 003 002 001 000 00000001 00000000 00000000 0000001E 00000000 00000000 00000000 00000000 00000000 00000000 00000000 00000000 00000000 00000000
191 000 004 003 002 001 00000000 00000000 00000000 0000001E 00000000 00000000 00000000 00000000 00000000 00000000 00000000 00000000 00000000 00000000
192 001 000 004 003 002 00000001 00000000 00000000 0000001E 00000000 00000000 00000000 00000000 00000000 00000000 00000000 00000000 00000000 00000000
193 002 001 000 004 003 00000001 00000000 00000000 0000001E 00000000 00000000 00000000 00000000 00000000 00000000 00000000 00000000 00000000 00000000
194 003 002 001 000 004 00000001 00000000 00000000 0000001E 00000000 00000000 00000000 00000000 00000000 00000000 00000000 00000000 00000000 00000000
195 004 003 002 001 000 00000001 00000000 00000000 0000001F 00000000 00000000 00000000 00000000 00000000 00000000 00000000 00000000 00000000 00000000
196 000 004 003 002 001 00000000 00000000 00000000 0000001F 00000000 00000000 00000000 00000000 00000000 00000000 00000000 00000000 00000000 00000000
197 001 000 004 003 002 00000001 00000000 00000000 0000001F 00000000 00000000 00000000 00000000 00000000 00000000 00000000 00000000 00000000 00000000
198 002 001 000 004 003 00000001 00000000 00000000 0000001F 00000000 00000000 00000000 00000000 00000000 00000000 00000000 00000000 00000000 00000000
199 003 002 001 000 004 00000001 00000000 00000000 0000001F 00000000 00000000 00000000 00000000 00000000 00000000 00000000 00000000 00000000 00000000
200 004 003 002 001 000 00000001 00000000 00000000 00000020 00000000 00000000 00000000 00000000 00000000 00000000 00000000 00000000 00000000 00000000
201 000 004 003 002 001 00000000 00000000 00000000 00000020 00000000 00000000 00000000 00000000 00000000 00000000 00000000 00000000 00000000 00000000
202 001 000 004 003 002 00000001 00000000 00000000 00000020 00000000 00000000 00000000 00000000 00000000 00000000 00000000 00000000 00000000 00000000
203 002 001 000 004 003 00000001 00000000 00000000 00000020 00000000 00000000 00000000 00000000 00000000 00000000 00000000 00000000 00000000 00000000
204 003 002 001 000 004 00000001 00000000 00000000 00000020 00000000 00000000 00000000 00000000 00000000 00000000 00000000 00000000 00000000 00000000
205 004 003 002 001 000 00000001 00000000 00000000 00000021 00000000 00000000 00000000 00000000 00000000 00000000 00000000 00000000 00000000 00000000
206 000 004 003 002 001 00000000 00000000 00000000 00000021 00000000 00000000 00000000 00000000 00000000 00000000 00000000 00000000 00000000 00000000
207 001 000 004 003 002 00000001 00000000 00000000 00000021 00000000 00000000 00000000 00000000 00000000 00000000 00000000 00000000 00000000 00000000
208 002 001 000 004 003 00000001 00000000 00000000 00000021 00000000 00000000 00000000 00000000 00000000 00000000 00000000 00000000 00000000 00000000
209 003 002 001 000 004 00000001 00000000 00000000 00000021 00000000 00000000 00000000 00000000 00000000 00000000 00000000 00000000 00000000 00000000
210 004 003 002 001 000 00000001 00000000 00000000 00000022 00000000 00000000 00000000 00000000 00000000 00000000 00000000 00000000 00000000 00000000
211 000 004 003 002 001 00000000 00000000 00000000 00000022 00000000 00000000 00000000 00000000 00000000 00000000 00000000 00000000 00000000 00000000
212 001 000 004 003 002 00000001 00000000 00000000 00000022 00000000 00000000 00000000 00000000 00000000 00000000 00000000 00000000 00000000 00000000
213 002 001 000 004 003 00000001 00000000 00000000 00000022 00000000 00000000 00000000 00000000 00000000 00000000 00000000 00000000 00000000 00000000
214 003 002 001 000 004 00000001 00000000 00000000 00000022 00000000 00000000 00000000 00000000 00000000 00000000 00000000 00000000 00000000 00000000
215 004 003 002 001 000 00000001 00000000 00000000 00000023 00000000 00000000 00000000 00000000 00000000 00000000 00000000 00000000 00000000 00000000
216 000 004 003 002 001 00000000 00000000 00000000 00000023 00000000 00000000 00000000 00000000 00000000 00000000 00000000 00000000 00000000 00000000
217 001 000 004 003 002 00000001 00000000 00000000 00000023 00000000 00000000 00000000 00000000 00000000 00000000 00000000 00000000 00000000 00000000
218 002 001 000 004 003 00000001 00000000 00000000 00000023 00000000 00000000 00000000 00000000 00000000 00000000 00000000 00000000 00000000 00000000
219 003 002 001 000 004 00000001 00000000 00000000 00000023 00000000 00000000 00000000 00000000 00000000 00000000 00000000 00000000 00000000 00000000
220 004 003 002 001 000 00000001 00000000 00000000 00000024 00000000 00000000 00000000 00000000 00000000 00000000 00000000 00000000 00000000 00000000
221 000 004 003 002 001 00000000 00000000 00000000 00000024 00000000 00000000 00000000 00000000 00000000 00000000 00000000 00000000 00000000 00000000
222 001 000 004 003 002 00000001 00000000 00000000 00000024 00000000 00000000 00000000 00000000 00000000 00000000 00000000 00000000 00000000 00000000
223 002 001 000 004 003 00000001 00000000 00000000 00000024 00000000 00000000 00000000 00000000 00000000 00000000 00000000 00000000 00000000 00000000
224 003 002 001 000 004 00000001 00000000 00000000 00000024 00000000 00000000 00000000 00000000 00000000 00000000 00000000 00000000 00000000 00000000
225 004 003 002 001 000 00000001 00000000 00000000 00000025 00000000 00000000 00000000 00000000 00000000 00000000 00000000 00000000 00000000 00000000
226 000 004 003 002 001 00000000 00000000 00000000 00000025 00000000 00000000 00000000 00000000 00000000 00000000 00000000 00000000 00000000 00000000
227 001 000 004 003 002 00000001 00000000 00000000 00000025 00000000 00000000 00000000 00000000 00000000 00000000 00000000 00000000 00000000 00000000
228 002 001 000 004 003 00000001 00000000 00000000 00000025 00000000 00000000 00000000 00000000 00000000 00000000 00000000 00000000 00000000 00000000
229 003 002 001 000 004 00000001 00000000 00000000 00000025 00000000 00000000 00000000 00000000 00000000 00000000 00000000 00000000 00000000 00000000
230 004 003 002 001 000 00000001 00000000 00000000 00000026 00000000 00000000 00000000 00000000 00000000 00000000 00000000 00000000 00000000 00000000
231 000 004 003 002 001 00000000 00000000 00000000 00000026 00000000 00000000 00000000 00000000 00000000 00000000 00000000 00000000 00000000 00000000
232 001 000 004 003 002 00000001 00000000 00000000 00000026 00000000 00000000 00000000 00000000 00000000 00000000 00000000 00000000 00000000 00000000
233 002 001 000 004 003 00000001 00000000 00000000 00000026 00000000 00000000 00000000 00000000 00000000 00000000 00000000 00000000 00000000 00000000
234 003 002 001 000 004 00000001 00000000 00000000 00000026 00000000 00000000 00000000 00000000 00000000 00000000 00000000 00000000 00000000 00000000
235 004 003 002 001 000 00000001 00000000 00000000 00000027 00000000 00000000 00000000 00000000 00000000 00000000 00000000 00000000 00000000 00000000
236 000 004 003 002 001 00000000 00000000 00000000 00000027 00000000 00000000 00000000 00000000 00000000 00000000 00000000 00000000 00000000 00000000
237 001 000 004 003 002 00000001 00000000 00000000 00000027 00000000 00000000 00000000 00000000 00000000 00000000 00000000 00000000 00000000 00000000
238 002 001 000 004 003 00000001 00000000 00000000 00000027 00000000 00000000 00000000 00000000 00000000 00000000 00000000 00000000 00000000 00000000
239 003 002 001 000 004 00000001 00000000 00000000 00000027 00000000 00000000 00000000 00000000 00000000 00000000 00000000 00000000 00000000 00000000
240 004 003 002 001 000 00000001 00000000 00000000 00000028 00000000 00000000 00000000 00000000 00000000 00000000 00000000 00000000 00000000 00000000
241 000 004 003 002 001 00000000 00000000 00000000 00000028 00000000 00000000 00000000 00000000 00000000 00000000 00000000 00000000 00000000 00000000
242 001 000 004 003 002 00000001 00000000 00000000 00000028 00000000 00000000 00000000 00000000 00000000 00000000 00000000 00000000 00000000 00000000
243 002 001 000 004 003 00000001 00000000 00000000 00000028 00000000 00000000 00000000 00000000 00000000 00000000 00000000 00000000 00000000 00000000
244 003 002 001 000 004 00000001 00000000 00000000 00000028 00000000 00000000 00000000 00000000 00000000 00000000 00000000 00000000 00000000 00000000
245 004 003 002 001 000 00000001 00000000 00000000 00000029 00000000 00000000 00000000 00000000 00000000 00000000 00000000 00000000 00000000 00000000
246 000 004 003 002 001 00000000 00000000 00000000 00000029 00000000 00000000 00000000 00000000 00000000 00000000 00000000 00000000 00000000 00000000
247 001 000 004 003 002 00000001 00000000 00000000 00000029 00000000 00000000 00000000 00000000 00000000 00000000 00000000 00000000 00000000 00000000
248 002 001 000 004 003 00000001 00000000 00000000 00000029 00000000 00000000 00000000 00000000 00000000 00000000 00000000 00000000 00000000 00000000
249 003 002 001 000 004 00000001 00000000 00000000 00000029 00000000 00000000 00000000 00000000 00000000 00000000 00000000 00000000 00000000 00000000
250 004 003 002 001 000 00000001 00000000 00000000 0000002A 00000000 00000000 00000000 00000000 00000000 00000000 00000000 00000000 00000000 00000000
251 000 004 003 002 001 00000000 00000000 00000000 0000002A 00000000 00000000 00000000 00000000 00000000 00000000 00000000 00000000 00000000 00000000
252 001 000 004 003 002 00000001 00000000 00000000 0000002A 00000000 00000000 00000000 00000000 00000000 00000000 00000000 00000000 00000000 00000000
253 002 001 000 004 003 00000001 00000000 00000000 0000002A 00000000 00000000 00000000 00000000 00000000 00000000 00000000 00000000 00000000 00000000
254 003 002 001 000 004 00000001 00000000 00000000 0000002A 00000000 00000000 00000000 00000000 00000000 00000000 00000000 00000000 00000000 00000000
255 004 003 002 001 000 00000001 00000000 00000000 0000002B 00000000 00000000 00000000 00000000 00000000 00000000 00000000 00000000 00000000 00000000
256 000 004 003 002 001 00000000 00000000 00000000 0000002B 00000000 00000000 00000000 00000000 00000000 00000000 00000000 00000000 00000000 00000000
257 001 000 004 003 002 00000001 00000000 00000000 0000002B 00000000 00000000 00000000 00000000 00000000 00000000 00000000 00000000 00000000 00000000
258 002 001 000 004 003 00000001 00000000 00000000 0000002B 00000000 00000000 00000000 00000000 00000000 00000000 00000000 00000000 00000000 00000000
259 003 002 001 000 004 00000001 00000000 00000000 0000002B 00000000 00000000 00000000 00000000 00000000 00000000 00000000 00000000 00000000 00000000
260 004 003 002 001 000 00000001 00000000 00000000 0000002C 00000000 00000000 00000000 00000000 00000000 00000000 00000000 00000000 00000000 00000000
261 000 004 003 002 001 00000000 00000000 00000000 0000002C 00000000 00000000 00000000 00000000 00000000 00000000 00000000 00000000 00000000 00000000
262 001 000 004 003 002 00000001 00000000 00000000 0000002C 00000000 00000000 00000000 00000000 00000000 00000000 00000000 00000000 00000000 00000000
263 002 001 000 004 003 00000001 00000000 00000000 0000002C 00000000 00000000 00000000 00000000 00000000 00000000 00000000 00000000 00000000 00000000
264 003 002 001 000 004 00000001 00000000 00000000 0000002C 00000000 00000000 00000000 00000000 00000000 00000000 00000000 00000000 00000000 00000000
265 004 003 002 001 000 00000001 00000000 00000000 0000002D 00000000 00000000 00000000 00000000 00000000 00000000 00000000 00000000 00000000 00000000
266 000 004 003 002 001 00000000 00000000 00000000 0000002D 00000000 00000000 00000000 00000000 00000000 00000000 00000000 00000000 00000000 00000000
267 001 000 004 003 002 00000001 00000000 00000000 0000002D 00000000 00000000 00000000 00000000 00000000 00000000 00000000 00000000 00000000 00000000
268 002 001 000 004 003 00000001 00000000 00000000 0000002D 00000000 00000000 00000000 00000000 00000000 00000000 00000000 00000000 00000000 00000000
269 003 002 001 000 004 00000001 00000000 00000000 0000002D 00000000 00000000 00000000 00000000 00000000 00000000 00000000 00000000 00000000 00000000
270 004 003 002 001 000 00000001 00000000 00000000 0000002E 00000000 00000000 00000000 00000000 00000000 00000000 00000000 00000000 00000000 00000000
271 000 004 003 002 001 00000000 00000000 00000000 0000002E 00000000 00000000 00000000 00000000 00000000 00000000 00000000 00000000 00000000 00000000
272 001 000 004 003 002 00000001 00000000 00000000 0000002E 00000000 00000000 00000000 00000000 00000000 00000000 00000000 00000000 00000000 00000000
273 002 001 000 004 003 00000001 00000000 00000000 0000002E 00000000 00000000 00000000 00000000 00000000 00000000 00000000 00000000 00000000 00000000
274 003 002 001 000 004 00000001 00000000 00000000 0000002E 00000000 00000000 00000000 00000000 00000000 00000000 00000000 00000000 00000000 00000000
275 004 003 002 001 000 00000001 00000000 00000000 0000002F 00000000 00000000 00000000 00000000 00000000 00000000 00000000 00000000 00000000 00000000
276 000 004 003 002 001 00000000 00000000 00000000 0000002F 00000000 00000000 00000000 00000000 00000000 00000000 00000000 00000000 00000000 00000000
277 001 000 004 003 002 00000001 00000000 00000000 0000002F 00000000 00000000 00000000 00000000 00000000 00000000 00000000 00000000 00000000 00000000
278 002 001 000 004 003 00000001 00000000 00000000 0000002F 00000000 00000000 00000000 00000000 00000000 00000000 00000000 00000000 00000000 00000000
279 003 002 001 000 004 00000001 00000000 00000000 0000002F 00000000 00000000 00000000 00000000 00000000 00000000 00000000 00000000 00000000 00000000
280 004 003 002 001 000 00000001 00000000 00000000 00000030 00000000 00000000 00000000 00000000 00000000 00000000 00000000 00000000 00000000 00000000
281 000 004 003 002 001 00000000 00000000 00000000 00000030 00000000 00000000 00000000 00000000 00000000 00000000 00000000 00000000 00000000 00000000
282 001 000 004 003 002 00000001 00000000 00000000 00000030 00000000 00000000 00000000 00000000 00000000 00000000 00000000 00000000 00000000 00000000
283 002 001 000 004 003 00000001 00000000 00000000 00000030 00000000 00000000 00000000 00000000 00000000 00000000 00000000 00000000 00000000 00000000
284 003 002 001 000 004 00000001 00000000 00000000 00000030 00000000 00000000 00000000 00000000 00000000 00000000 00000000 00000000 00000000 00000000
285 004 003 002 001 000 00000001 00000000 00000000 00000031 00000000 00000000 00000000 00000000 00000000 00000000 00000000 00000000 00000000 00000000
286 000 004 003 002 001 00000000 00000000 00000000 00000031 00000000 00000000 00000000 00000000 00000000 00000000 00000000 00000000 00000000 00000000
287 001 000 004 003 002 00000001 00000000 00000000 00000031 00000000 00000000 00000000 00000000 00000000 00000000 00000000 00000000 00000000 00000000
288 002 001 000 004 003 00000001 00000000 00000000 00000031 00000000 00000000 00000000 00000000 00000000 00000000 00000000 00000000 00000000 00000000
289 003 002 001 000 004 00000001 00000000 00000000 00000031 00000000 00000000 00000000 00000000 00000000 00000000 00000000 00000000 00000000 00000000
290 004 003 002 001 000 00000001 00000000 00000000 00000032 00000000 00000000 00000000 00000000 00000000 00000000 00000000 00000000 00000000 00000000
291 000 004 003 002 001 00000000 00000000 00000000 00000032 00000000 00000000 00000000 00000000 00000000 00000000 00000000 00000000 00000000 00000000
292 001 000 004 003 002 00000001 00000000 00000000 00000032 00000000 00000000 00000000 00000000 00000000 00000000 00000000 00000000 00000000 00000000
293 002 001 000 004 003 00000001 00000000 00000000 00000032 00000000 00000000 00000000 00000000 00000000 00000000 00000000 00000000 00000000 00000000
294 003 002 001 000 004 00000001 00000000 00000000 00000032 00000000 00000000 00000000 00000000 00000000 00000000 00000000 00000000 00000000 00000000
295 004 003 002 001 000 00000001 00000000 00000000 00000033 00000000 00000000 00000000 00000000 00000000 00000000 00000000 00000000 00000000 00000000
296 000 004 003 002 001 00000000 00000000 00000000 00000033 00000000 00000000 00000000 00000000 00000000 00000000 00000000 00000000 00000000 00000000
297 001 000 004 003 002 00000001 00000000 00000000 00000033 00000000 00000000 00000000 00000000 00000000 00000000 00000000 00000000 00000000 00000000
298 002 001 000 004 003 00000001 00000000 00000000 00000033 00000000 00000000 00000000 00000000 00000000 00000000 00000000 00000000 00000000 00000000
299 003 002 001 000 004 00000001 00000000 00000000 00000033 00000000 00000000 00000000 00000000 00000000 00000000 00000000 00000000 00000000 00000000
300 004 003 002 001 000 00000001 00000000 00000000 00000034 00000000 00000000 00000000 00000000 00000000 00000000 00000000 00000000 00000000 00000000
301 000 004 003 002 001 00000000 00000000 00000000 00000034 00000000 00000000 00000000 00000000 00000000 00000000 00000000 00000000 00000000 00000000
302 001 000 004 003 002 00000001 00000000 00000000 00000034 00000000 00000000 00000000 00000000 00000000 00000000 00000000 00000000 00000000 00000000
303 002 001 000 004 003 00000001 00000000 00000000 00000034 00000000 00000000 00000000 00000000 00000000 00000000 00000000 00000000 00000000 00000000
304 003 002 001 000 004 00000001 00000000 00000000 00000034 00000000 00000000 00000000 00000000 00000000 00000000 00000000 00000000 00000000 00000000
305 004 003 002 001 000 00000001 00000000 00000000 00000035 00000000 00000000 00000000 00000000 00000000 00000000 00000000 00000000 00000000 00000000
306 000 004 003 002 001 00000000 00000000 00000000 00000035 00000000 00000000 00000000 00000000 00000000 00000000 00000000 00000000 00000000 00000000
307 001 000 004 003 002 00000001 00000000 00000000 00000035 00000000 00000000 00000000 00000000 00000000 00000000 00000000 00000000 00000000 00000000
308 002 001 000 004 003 00000001 00000000 00000000 00000035 00000000 00000000 00000000 00000000 00000000 00000000 00000000 00000000 00000000 00000000
309 003 002 001 000 004 00000001 00000000 00000000 00000035 00000000 00000000 00000000 00000000 00000000 00000000 00000000 00000000 00000000 00000000
310 004 003 002 001 000 00000001 00000000 00000000 00000036 00000000 00000000 00000000 00000000 00000000 00000000 00000000 00000000 00000000 00000000
311 000 004 003 002 001 00000000 00000000 00000000 00000036 00000000 00000000 00000000 00000000 00000000 00000000 00000000 00000000 00000000 00000000
312 001 000 004 003 002 00000001 00000000 00000000 00000036 00000000 00000000 00000000 00000000 00000000 00000000 00000000 00000000 00000000 00000000
313 002 001 000 004 003 00000001 00000000 00000000 00000036 00000000 00000000 00000000 00000000 00000000 00000000 00000000 00000000 00000000 00000000
314 003 002 001 000 004 00000001 00000000 00000000 00000036 00000000 00000000 00000000 00000000 00000000 00000000 00000000 00000000 00000000 00000000
315 004 003 002 001 000 00000001 00000000 00000000 00000037 00000000 00000000 00000000 00000000 00000000 00000000 00000000 00000000 00000000 00000000
316 000 004 003 002 001 00000000 00000000 00000000 00000037 00000000 00000000 00000000 00000000 00000000 00000000 00000000 00000000 00000000 00000000
317 001 000 004 003 002 00000001 00000000 00000000 00000037 00000000 00000000 00000000 00000000 00000000 00000000 00000000 00000000 00000000 00000000
318 002 001 000 004 003 00000001 00000000 00000000 00000037 00000000 00000000 00000000 00000000 00000000 00000000 00000000 00000000 00000000 00000000
319 003 002 001 000 004 00000001 00000000 00000000 00000037 00000000 00000000 00000000 00000000 00000000 00000000 00000000 00000000 00000000 00000000
320 004 003 002 001 000 00000001 00000000 00000000 00000038 00000000 00000000 00000000 00000000 00000000 00000000 00000000 00000000 00000000 00000000
321 000 004 003 002 001 00000000 00000000 00000000 00000038 00000000 00000000 00000000 00000000 00000000 00000000 00000000 00000000 00000000 00000000
322 001 000 004 003 002 00000001 00000000 00000000 00000038 00000000 00000000 00000000 00000000 00000000 00000000 00000000 00000000 00000000 00000000
323 002 001 000 004 003 00000001 00000000 00000000 00000038 00000000 00000000 00000000 00000000 00000000 00000000 00000000 00000000 00000000 00000000
324 003 002 001 000 004 00000001 00000000 00000000 00000038 00000000 00000000 00000000 00000000 00000000 00000000 00000000 00000000 00000000 00000000
325 004 003 002 001 000 00000001 00000000 00000000 00000039 00000000 00000000 00000000 00000000 00000000 00000000 00000000 00000000 00000000 00000000
326 000 004 003 002 001 00000000 00000000 00000000 00000039 00000000 00000000 00000000 00000000 00000000 00000000 00000000 00000000 00000000 00000000
327 001 000 004 003 002 00000001 00000000 00000000 00000039 00000000 00000000 00000000 00000000 00000000 00000000 00000000 00000000 00000000 00000000
328 002 001 000 004 003 00000001 00000000 00000000 00000039 00000000 00000000 00000000 00000000 00000000 00000000 00000000 00000000 00000000 00000000
329 003 002 001 000 004 00000001 00000000 00000000 00000039 00000000 00000000 00000000 00000000 00000000 00000000 00000000 00000000 00000000 00000000
330 004 003 002 001 000 00000001 00000000 00000000 0000003A 00000000 00000000 00000000 00000000 00000000 00000000 00000000 00000000 00000000 00000000
331 000 004 003 002 001 00000000 00000000 00000000 0000003A 00000000 00000000 00000000 00000000 00000000 00000000 00000000 00000000 00000000 00000000
332 001 000 004 003 002 00000001 00000000 00000000 0000003A 00000000 00000000 00000000 00000000 00000000 00000000 00000000 00000000 00000000 00000000
333 002 001 000 004 003 00000001 00000000 00000000 0000003A 00000000 00000000 00000000 00000000 00000000 00000000 00000000 00000000 00000000 00000000
334 003 002 001 000 004 00000001 00000000 00000000 0000003A 00000000 00000000 00000000 00000000 00000000 00000000 00000000 00000000 00000000 00000000
335 004 003 002 001 000 00000001 00000000 00000000 0000003B 00000000 00000000 00000000 00000000 00000000 00000000 00000000 00000000 00000000 00000000
336 000 004 003 002 001 00000000 00000000 00000000 0000003B 00000000 00000000 00000000 00000000 00000000 00000000 00000000 00000000 00000000 00000000
337 001 000 004 003 002 00000001 00000000 00000000 0000003B 00000000 00000000 00000000 00000000 00000000 00000000 00000000 00000000 00000000 00000000
338 002 001 000 004 003 00000001 00000000 00000000 0000003B 00000000 00000000 00000000 00000000 00000000 00000000 00000000 00000000 00000000 00000000
339 003 002 001 000 004 00000001 00000000 00000000 0000003B 00000000 00000000 00000000 00000000 00000000 00000000 00000000 00000000 00000000 00000000
340 004 003 002 001 000 00000001 00000000 00000000 0000003C 00000000 00000000 00000000 00000000 00000000 00000000 00000000 00000000 00000000 00000000
341 000 004 003 002 001 00000000 00000000 00000000 0000003C 00000000 00000000 00000000 00000000 00000000 00000000 00000000 00000000 00000000 00000000
342 001 000 004 003 002 00000001 00000000 00000000 0000003C 00000000 00000000 00000000 00000000 00000000 00000000 00000000 00000000 00000000 00000000
343 002 001 000 004 003 00000001 00000000 00000000 0000003C 00000000 00000000 00000000 00000000 00000000 00000000 00000000 00000000 00000000 00000000
344 003 002 001 000 004 00000001 00000000 00000000 0000003C 00000000 00000000 00000000 00000000 00000000 00000000 00000000 00000000 00000000 00000000
345 004 003 002 001 000 00000001 00000000 00000000 0000003D 00000000 00000000 00000000 00000000 00000000 00000000 00000000 00000000 00000000 00000000
346 000 004 003 002 001 00000000 00000000 00000000 0000003D 00000000 00000000 00000000 00000000 00000000 00000000 00000000 00000000 00000000 00000000
347 001 000 004 003 002 00000001 00000000 00000000 0000003D 00000000 00000000 00000000 00000000 00000000 00000000 00000000 00000000 00000000 00000000
348 002 001 000 004 003 00000001 00000000 00000000 0000003D 00000000 00000000 00000000 00000000 00000000 00000000 00000000 00000000 00000000 00000000
349 003 002 001 000 004 00000001 00000000 00000000 0000003D 00000000 00000000 00000000 00000000 00000000 00000000 00000000 00000000 00000000 00000000
350 004 003 002 001 000 00000001 00000000 00000000 0000003E 00000000 00000000 00000000 00000000 00000000 00000000 00000000 00000000 00000000 00000000
351 000 004 003 002 001 00000000 00000000 00000000 0000003E 00000000 00000000 00000000 00000000 00000000 00000000 00000000 00000000 00000000 00000000
352 001 000 004 003 002 00000001 00000000 00000000 0000003E 00000000 00000000 00000000 00000000 00000000 00000000 00000000 00000000 00000000 00000000
353 002 001 000 004 003 00000001 00000000 00000000 0000003E 00000000 00000000 00000000 00000000 00000000 00000000 00000000 00000000 00000000 00000000
354 003 002 001 000 004 00000001 00000000 00000000 0000003E 00000000 00000000 00000000 00000000 00000000 00000000 00000000 00000000 00000000 00000000
355 004 003 002 001 000 00000001 00000000 00000000 0000003F 00000000 00000000 00000000 00000000 00000000 00000000 00000000 00000000 00000000 00000000
356 000 004 003 002 001 00000000 00000000 00000000 0000003F 00000000 00000000 00000000 00000000 00000000 00000000 00000000 00000000 00000000 00000000
357 001 000 004 003 002 00000001 00000000 00000000 0000003F 00000000 00000000 00000000 00000000 00000000 00000000 00000000 00000000 00000000 00000000
358 002 001 000 004 003 00000001 00000000 00000000 0000003F 00000000 00000000 00000000 00000000 00000000 00000000 00000000 00000000 00000000 00000000
359 003 002 001 000 004 00000001 00000000 00000000 0000003F 00000000 00000000 00000000 00000000 00000000 00000000 00000000 00000000 00000000 00000000
360 004 003 002 001 000 00000001 00000000 00000000 00000040 00000000 00000000 00000000 00000000 00000000 00000000 00000000 00000000 00000000 00000000
361 000 004 003 002 001 00000000 00000000 00000000 00000040 00000000 00000000 00000000 00000000 00000000 00000000 00000000 00000000 00000000 00000000
362 001 000 004 003 002 00000001 00000000 00000000 00000040 00000000 00000000 00000000 00000000 00000000 00000000 00000000 00000000 00000000 00000000
363 002 001 000 004 003 00000001 00000000 00000000 00000040 00000000 00000000 00000000 00000000 00000000 00000000 00000000 00000000 00000000 00000000
364 003 002 001 000 004 00000001 00000000 00000000 00000040 00000000 00000000 00000000 00000000 00000000 00000000 00000000 00000000 00000000 00000000
365 004 003 002 001 000 00000001 00000000 00000000 00000041 00000000 00000000 00000000 00000000 00000000 00000000 00000000 00000000 00000000 00000000
366 000 004 003 002 001 00000000 00000000 00000000 00000041 00000000 00000000 00000000 00000000 00000000 00000000 00000000 00000000 00000000 00000000
367 001 000 004 003 002 00000001 00000000 00000000 00000041 00000000 00000000 00000000 00000000 00000000 00000000 00000000 00000000 00000000 00000000
368 002 001 000 004 003 00000001 00000000 00000000 00000041 00000000 00000000 00000000 00000000 00000000 00000000 00000000 00000000 00000000 00000000
369 003 002 001 000 004 00000001 00000000 00000000 00000041 00000000 00000000 00000000 00000000 00000000 00000000 00000000 00000000 00000000 00000000
370 004 003 002 001 000 00000001 00000000 00000000 00000042 00000000 00000000 00000000 00000000 00000000 00000000 00000000 00000000 00000000 00000000
371 000 004 003 002 001 00000000 00000000 00000000 00000042 00000000 00000000 00000000 00000000 00000000 00000000 00000000 00000000 00000000 00000000
372 001 000 004 003 002 00000001 00000000 00000000 00000042 00000000 00000000 00000000 00000000 00000000 00000000 00000000 00000000 00000000 00000000
373 002 001 000 004 003 00000001 00000000 00000000 00000042 00000000 00000000 00000000 00000000 00000000 00000000 00000000 00000000 00000000 00000000
374 003 002 001 000 004 00000001 00000000 00000000 00000042 00000000 00000000 00000000 00000000 00000000 00000000 00000000 00000000 00000000 00000000
375 004 003 002 001 000 00000001 00000000 00000000 00000043 00000000 00000000 00000000 00000000 00000000 00000000 00000000 00000000 00000000 00000000
376 000 004 003 002 001 00000000 00000000 00000000 00000043 00000000 00000000 00000000 00000000 00000000 00000000 00000000 00000000 00000000 00000000
377 001 000 004 003 002 00000001 00000000 00000000 00000043 00000000 00000000 00000000 00000000 00000000 00000000 00000000 00000000 00000000 00000000
378 002 001 000 004 003 00000001 00000000 00000000 00000043 00000000 00000000 00000000 00000000 00000000 00000000 00000000 00000000 00000000 00000000
379 003 002 001 000 004 00000001 00000000 00000000 00000043 00000000 00000000 00000000 00000000 00000000 00000000 00000000 00000000 00000000 00000000
380 004 003 002 001 000 00000001 00000000 00000000 00000044 00000000 00000000 00000000 00000000 00000000 00000000 00000000 00000000 00000000 00000000
381 000 004 003 002 001 00000000 00000000 00000000 00000044 00000000 00000000 00000000 00000000 00000000 00000000 00000000 00000000 00000000 00000000
382 001 000 004 003 002 00000001 00000000 00000000 00000044 00000000 00000000 00000000 00000000 00000000 00000000 00000000 00000000 00000000 00000000
383 002 001 000 004 003 00000001 00000000 00000000 00000044 00000000 00000000 00000000 00000000 00000000 00000000 00000000 00000000 00000000 00000000
384 003 002 001 000 004 00000001 00000000 00000000 00000044 00000000 00000000 00000000 00000000 00000000 00000000 00000000 00000000 00000000 00000000
385 004 003 002 001 000 00000001 00000000 00000000 00000045 00000000 00000000 00000000 00000000 00000000 00000000 00000000 00000000 00000000 00000000
386 000 004 003 002 001 00000000 00000000 00000000 00000045 00000000 00000000 00000000 00000000 00000000 00000000 00000000 00000000 00000000 00000000
387 001 000 004 003 002 00000001 00000000 00000000 00000045 00000000 00000000 00000000 00000000 00000000 00000000 00000000 00000000 00000000 00000000
388 002 001 000 004 003 00000001 00000000 00000000 00000045 00000000 00000000 00000000 00000000 00000000 00000000 00000000 00000000 00000000 00000000
389 003 002 001 000 004 00000001 00000000 00000000 00000045 00000000 00000000 00000000 00000000 00000000 00000000 00000000 00000000 00000000 00000000
390 004 003 002 001 000 00000001 00000000 00000000 00000046 00000000 00000000 00000000 00000000 00000000 00000000 00000000 00000000 00000000 00000000
391 000 004 003 002 001 00000000 00000000 00000000 00000046 00000000 00000000 00000000 00000000 00000000 00000000 00000000 00000000 00000000 00000000
392 001 000 004 003 002 00000001 00000000 00000000 00000046 00000000 00000000 00000000 00000000 00000000 00000000 00000000 00000000 00000000 00000000
393 002 001 000 004 003 00000001 00000000 00000000 00000046 00000000 00000000 00000000 00000000 00000000 00000000 00000000 00000000 00000000 00000000
394 003 002 001 000 004 00000001 00000000 00000000 00000046 00000000 00000000 00000000 00000000 00000000 00000000 00000000 00000000 00000000 00000000
395 004 003 002 001 000 00000001 00000000 00000000 00000047 00000000 00000000 00000000 00000000 00000000 00000000 00000000 00000000 00000000 00000000
396 000 004 003 002 001 00000000 00000000 00000000 00000047 00000000 00000000 00000000 00000000 00000000 00000000 00000000 00000000 00000000 00000000
397 001 000 004 003 002 00000001 00000000 00000000 00000047 00000000 00000000 00000000 00000000 00000000 00000000 00000000 00000000 00000000 00000000
398 002 001 000 004 003 00000001 00000000 00000000 00000047 00000000 00000000 00000000 00000000 00000000 00000000 00000000 00000000 00000000 00000000
399 003 002 001 000 004 00000001 00000000 00000000 00000047 00000000 00000000 00000000 00000000 00000000 00000000 00000000 00000000 00000000 00000000
400 004 003 002 001 000 00000001 00000000 00000000 00000048 00000000 00000000 00000000 00000000 00000000 00000000 00000000 00000000 00000000 00000000
401 000 004 003 002 001 00000000 00000000 00000000 00000048 00000000 00000000 00000000 00000000 00000000 00000000 00000000 00000000 00000000 00000000
402 001 000 004 003 002 00000001 00000000 00000000 00000048 00000000 00000000 00000000 00000000 00000000 00000000 00000000 00000000 00000000 00000000
403 002 001 000 004 003 00000001 00000000 00000000 00000048 00000000 00000000 00000000 00000000 00000000 00000000 00000000 00000000 00000000 00000000
404 003 002 001 000 004 00000001 00000000 00000000 00000048 00000000 00000000 00000000 00000000 00000000 00000000 00000000 00000000 00000000 00000000
405 004 003 002 001 000 00000001 00000000 00000000 00000049 00000000 00000000 00000000 00000000 00000000 00000000 00000000 00000000 00000000 00000000
406 000 004 003 002 001 00000000 00000000 00000000 00000049 00000000 00000000 00000000 00000000 00000000 00000000 00000000 00000000 00000000 00000000
407 001 000 004 003 002 00000001 00000000 00000000 00000049 00000000 00000000 00000000 00000000 00000000 00000000 00000000 00000000 00000000 00000000
408 002 001 000 004 003 00000001 00000000 00000000 00000049 00000000 00000000 00000000 00000000 00000000 00000000 00000000 00000000 00000000 00000000
409 003 002 001 000 004 00000001 00000000 00000000 00000049 00000000 00000000 00000000 00000000 00000000 00000000 00000000 00000000 00000000 00000000
410 004 003 002 001 000 00000001 00000000 00000000 0000004A 00000000 00000000 00000000 00000000 00000000 00000000 00000000 00000000 00000000 00000000
411 000 004 003 002 001 00000000 00000000 00000000 0000004A 00000000 00000000 00000000 00000000 00000000 00000000 00000000 00000000 00000000 00000000
412 001 000 004 003 002 00000001 00000000 00000000 0000004A 00000000 00000000 00000000 00000000 00000000 00000000 00000000 00000000 00000000 00000000
413 002 001 000 004 003 00000001 00000000 00000000 0000004A 00000000 00000000 00000000 00000000 00000000 00000000 00000000 00000000 00000000 00000000
414 003 002 001 000 004 00000001 00000000 00000000 0000004A 00000000 00000000 00000000 00000000 00000000 00000000 00000000 00000000 00000000 00000000
415 004 003 002 001 000 00000001 00000000 00000000 0000004B 00000000 00000000 00000000 00000000 00000000 00000000 00000000 00000000 00000000 00000000
416 000 004 003 002 001 00000000 00000000 00000000 0000004B 00000000 00000000 00000000 00000000 00000000 00000000 00000000 00000000 00000000 00000000
417 001 000 004 003 002 00000001 00000000 00000000 0000004B 00000000 00000000 00000000 00000000 00000000 00000000 00000000 00000000 00000000 00000000
418 002 001 000 004 003 00000001 00000000 00000000 0000004B 00000000 00000000 00000000 00000000 00000000 00000000 00000000 00000000 00000000 00000000
419 003 002 001 000 004 00000001 00000000 00000000 0000004B 00000000 00000000 00000000 00000000 00000000 00000000 00000000 00000000 00000000 00000000
420 004 003 002 001 000 00000001 00000000 00000000 0000004C 00000000 00000000 00000000 00000000 00000000 00000000 00000000 00000000 00000000 00000000
421 000 004 003 002 001 00000000 00000000 00000000 0000004C 00000000 00000000 00000000 00000000 00000000 00000000 00000000 00000000 00000000 00000000
422 001 000 004 003 002 00000001 00000000 00000000 0000004C 00000000 00000000 00000000 00000000 00000000 00000000 00000000 00000000 00000000 00000000
423 002 001 000 004 003 00000001 00000000 00000000 0000004C 00000000 00000000 00000000 00000000 00000000 00000000 00000000 00000000 00000000 00000000
424 003 002 001 000 004 00000001 00000000 00000000 0000004C 00000000 00000000 00000000 00000000 00000000 00000000 00000000 00000000 00000000 00000000
425 004 003 002 001 000 00000001 00000000 00000000 0000004D 00000000 00000000 00000000 00000000 00000000 00000000 00000000 00000000 00000000 00000000
426 000 004 003 002 001 00000000 00000000 00000000 0000004D 00000000 00000000 00000000 00000000 00000000 00000000 00000000 00000000 00000000 00000000
427 001 000 004 003 002 00000001 00000000 00000000 0000004D 00000000 00000000 00000000 00000000 00000000 00000000 00000000 00000000 00000000 00000000
428 002 001 000 004 003 00000001 00000000 00000000 0000004D 00000000 00000000 00000000 00000000 00000000 00000000 00000000 00000000 00000000 00000000
429 003 002 001 000 004 00000001 00000000 00000000 0000004D 00000000 00000000 00000000 00000000 00000000 00000000 00000000 00000000 00000000 00000000
430 004 003 002 001 000 00000001 00000000 00000000 0000004E 00000000 00000000 00000000 00000000 00000000 00000000 00000000 00000000 00000000 00000000
431 000 004 003 002 001 00000000 00000000 00000000 0000004E 00000000 00000000 00000000 00000000 00000000 00000000 00000000 00000000 00000000 00000000
432 001 000 004 003 002 00000001 00000000 00000000 0000004E 00000000 00000000 00000000 00000000 00000000 00000000 00000000 00000000 00000000 00000000
433 002 001 000 004 003 00000001 00000000 00000000 0000004E 00000000 00000000 00000000 00000000 00000000 00000000 00000000 00000000 00000000 00000000
434 003 002 001 000 004 00000001 00000000 00000000 0000004E 00000000 00000000 00000000 00000000 00000000 00000000 00000000 00000000 00000000 00000000
435 004 003 002 001 000 00000001 00000000 00000000 0000004F 00000000 00000000 00000000 00000000 00000000 00000000 00000000 00000000 00000000 00000000
436 000 004 003 002 001 00000000 00000000 00000000 0000004F 00000000 00000000 00000000 00000000 00000000 00000000 00000000 00000000 00000000 00000000
437 001 000 004 003 002 00000001 00000000 00000000 0000004F 00000000 00000000 00000000 00000000 00000000 00000000 00000000 00000000 00000000 00000000
438 002 001 000 004 003 00000001 00000000 00000000 0000004F 00000000 00000000 00000000 00000000 00000000 00000000 00000000 00000000 00000000 00000000
439 003 002 001 000 004 00000001 00000000 00000000 0000004F 00000000 00000000 00000000 00000000 00000000 00000000 00000000 00000000 00000000 00000000
440 004 003 002 001 000 00000001 00000000 00000000 00000050 00000000 00000000 00000000 00000000 00000000 00000000 00000000 00000000 00000000 00000000
441 000 004 003 002 001 00000000 00000000 00000000 00000050 00000000 00000000 00000000 00000000 00000000 00000000 00000000 00000000 00000000 00000000
442 001 000 004 003 002 00000001 00000000 00000000 00000050 00000000 00000000 00000000 00000000 00000000 00000000 00000000 00000000 00000000 00000000
443 002 001 000 004 003 00000001 00000000 00000000 00000050 00000000 00000000 00000000 00000000 00000000 00000000 00000000 00000000 00000000 00000000
444 003 002 001 000 004 00000001 00000000 00000000 00000050 00000000 00000000 00000000 00000000 00000000 00000000 00000000 00000000 00000000 00000000
445 004 003 002 001 000 00000001 00000000 00000000 00000051 00000000 00000000 00000000 00000000 00000000 00000000 00000000 00000000 00000000 00000000
446 000 004 003 002 001 00000000 00000000 00000000 00000051 00000000 00000000 00000000 00000000 00000000 00000000 00000000 00000000 00000000 00000000
447 001 000 004 003 002 00000001 00000000 00000000 00000051 00000000 00000000 00000000 00000000 00000000 00000000 00000000 00000000 00000000 00000000
448 002 001 000 004 003 00000001 00000000 00000000 00000051 00000000 00000000 00000000 00000000 00000000 00000000 00000000 00000000 00000000 00000000
449 003 002 001 000 004 00000001 00000000 00000000 00000051 00000000 00000000 00000000 00000000 00000000 00000000 00000000 00000000 00000000 00000000
450 004 003 002 001 000 00000001 00000000 00000000 00000052 00000000 00000000 00000000 00000000 00000000 00000000 00000000 00000000 00000000 00000000
451 000 004 003 002 001 00000000 00000000 00000000 00000052 00000000 00000000 00000000 00000000 00000000 00000000 00000000 00000000 00000000 00000000
452 001 000 004 003 002 00000001 00000000 00000000 00000052 00000000 00000000 00000000 00000000 00000000 00000000 00000000 00000000 00000000 00000000
453 002 001 000 004 003 00000001 00000000 00000000 00000052 00000000 00000000 00000000 00000000 00000000 00000000 00000000 00000000 00000000 00000000
454 003 002 001 000 004 00000001 00000000 00000000 00000052 00000000 00000000 00000000 00000000 00000000 00000000 00000000 00000000 00000000 00000000
455 004 003 002 001 000 00000001 00000000 00000000 00000053 00000000 00000000 00000000 00000000 00000000 00000000 00000000 00000000 00000000 00000000
456 000 004 003 002 001 00000000 00000000 00000000 00000053 00000000 00000000 00000000 00000000 00000000 00000000 00000000 00000000 00000000 00000000
457 001 000 004 003 002 00000001 00000000 00000000 00000053 00000000 00000000 00000000 00000000 00000000 00000000 00000000 00000000 00000000 00000000
458 002 001 000 004 003 00000001 00000000 00000000 00000053 00000000 00000000 00000000 00000000 00000000 00000000 00000000 00000000 00000000 00000000
459 003 002 001 000 004 00000001 00000000 00000000 00000053 00000000 00000000 00000000 00000000 00000000 00000000 00000000 00000000 00000000 00000000
460 004 003 002 001 000 00000001 00000000 00000000 00000054 00000000 00000000 00000000 00000000 00000000 00000000 00000000 00000000 00000000 00000000
461 000 004 003 002 001 00000000 00000000 00000000 00000054 00000000 00000000 00000000 00000000 00000000 00000000 00000000 00000000 00000000 00000000
462 001 000 004 003 002 00000001 00000000 00000000 00000054 00000000 00000000 00000000 00000000 00000000 00000000 00000000 00000000 00000000 00000000
463 002 001 000 004 003 00000001 00000000 00000000 00000054 00000000 00000000 00000000 00000000 00000000 00000000 00000000 00000000 00000000 00000000
464 003 002 001 000 004 00000001 00000000 00000000 00000054 00000000 00000000 00000000 00000000 00000000 00000000 00000000 00000000 00000000 00000000
465 004 003 002 001 000 00000001 00000000 00000000 00000055 00000000 00000000 00000000 00000000 00000000 00000000 00000000 00000000 00000000 00000000
466 000 004 003 002 001 00000000 00000000 00000000 00000055 00000000 00000000 00000000 00000000 00000000 00000000 00000000 00000000 00000000 00000000
467 001 000 004 003 002 00000001 00000000 00000000 00000055 00000000 00000000 00000000 00000000 00000000 00000000 00000000 00000000 00000000 00000000
468 002 001 000 004 003 00000001 00000000 00000000 00000055 00000000 00000000 00000000 00000000 00000000 00000000 00000000 00000000 00000000 00000000
469 003 002 001 000 004 00000001 00000000 00000000 00000055 00000000 00000000 00000000 00000000 00000000 00000000 00000000 00000000 00000000 00000000
470 004 003 002 001 000 00000001 00000000 00000000 00000056 00000000 00000000 00000000 00000000 00000000 00000000 00000000 00000000 00000000 00000000
471 000 004 003 002 001 00000000 00000000 00000000 00000056 00000000 00000000 00000000 00000000 00000000 00000000 00000000 00000000 00000000 00000000
472 001 000 004 003 002 00000001 00000000 00000000 00000056 00000000 00000000 00000000 00000000 00000000 00000000 00000000 00000000 00000000 00000000
473 002 001 000 004 003 00000001 00000000 00000000 00000056 00000000 00000000 00000000 00000000 00000000 00000000 00000000 00000000 00000000 00000000
474 003 002 001 000 004 00000001 00000000 00000000 00000056 00000000 00000000 00000000 00000000 00000000 00000000 00000000 00000000 00000000 00000000
475 004 003 002 001 000 00000001 00000000 00000000 00000057 00000000 00000000 00000000 00000000 00000000 00000000 00000000 00000000 00000000 00000000
476 000 004 003 002 001 00000000 00000000 00000000 00000057 00000000 00000000 00000000 00000000 00000000 00000000 00000000 00000000 00000000 00000000
477 001 000 004 003 002 00000001 00000000 00000000 00000057 00000000 00000000 00000000 00000000 00000000 00000000 00000000 00000000 00000000 00000000
478 002 001 000 004 003 00000001 00000000 00000000 00000057 00000000 00000000 00000000 00000000 00000000 00000000 00000000 00000000 00000000 00000000
479 003 002 001 000 004 00000001 00000000 00000000 00000057 00000000 00000000 00000000 00000000 00000000 00000000 00000000 00000000 00000000 00000000
480 004 003 002 001 000 00000001 00000000 00000000 00000058 00000000 00000000 00000000 00000000 00000000 00000000 00000000 00000000 00000000 00000000
481 000 004 003 002 001 00000000 00000000 00000000 00000058 00000000 00000000 00000000 00000000 00000000 00000000 00000000 00000000 00000000 00000000
482 001 000 004 003 002 00000001 00000000 00000000 00000058 00000000 00000000 00000000 00000000 00000000 00000000 00000000 00000000 00000000 00000000
483 002 001 000 004 003 00000001 00000000 00000000 00000058 00000000 00000000 00000000 00000000 00000000 00000000 00000000 00000000 00000000 00000000
484 003 002 001 000 004 00000001 00000000 00000000 00000058 00000000 00000000 00000000 00000000 00000000 00000000 00000000 00000000 00000000 00000000
485 004 003 002 001 000 00000001 00000000 00000000 00000059 00000000 00000000 00000000 00000000 00000000 00000000 00000000 00000000 00000000 00000000
486 000 004 003 002 001 00000000 00000000 00000000 00000059 00000000 00000000 00000000 00000000 00000000 00000000 00000000 00000000 00000000 00000000
487 001 000 004 003 002 00000001 00000000 00000000 00000059 00000000 00000000 00000000 00000000 00000000 00000000 00000000 00000000 00000000 00000000
488 002 001 000 004 003 00000001 00000000 00000000 00000059 00000000 00000000 00000000 00000000 00000000 00000000 00000000 00000000 00000000 00000000
489 003 002 001 000 004 00000001 00000000 00000000 00000059 00000000 00000000 00000000 00000000 00000000 00000000 00000000 00000000 00000000 00000000
490 004 003 002 001 000 00000001 00000000 00000000 0000005A 00000000 00000000 00000000 00000000 00000000 00000000 00000000 00000000 00000000 00000000
491 000 004 003 002 001 00000000 00000000 00000000 0000005A 00000000 00000000 00000000 00000000 00000000 00000000 00000000 00000000 00000000 00000000
492 001 000 004 003 002 00000001 00000000 00000000 0000005A 00000000 00000000 00000000 00000000 00000000 00000000 00000000 00000000 00000000 00000000
493 002 001 000 004 003 00000001 00000000 00000000 0000005A 00000000 00000000 00000000 00000000 00000000 00000000 00000000 00000000 00000000 00000000
494 003 002 001 000 004 00000001 00000000 00000000 0000005A 00000000 00000000 00000000 00000000 00000000 00000000 00000000 00000000 00000000 00000000
495 004 003 002 001 000 00000001 00000000 00000000 0000005B 00000000 00000000 00000000 00000000 00000000 00000000 00000000 00000000 00000000 00000000
496 000 004 003 002 001 00000000 00000000 00000000 0000005B 00000000 00000000 00000000 00000000 00000000 00000000 00000000 00000000 00000000 00000000
497 001 000 004 003 002 00000001 00000000 00000000 0000005B 00000000 00000000 00000000 00000000 00000000 00000000 00000000 00000000 00000000 00000000
498 002 001 000 004 003 00000001 00000000 00000000 0000005B 00000000 00000000 00000000 00000000 00000000 00000000 00000000 00000000 00000000 00000000
499 003 002 001 000 004 00000001 00000000 00000000 0000005B 00000000 00000000 00000000 00000000 00000000 00000000 00000000 00000000 00000000 00000000
500 004 003 002 001 000 00000001 00000000 00000000 0000005C 00000000 00000000 00000000 00000000 00000000 00000000 00000000 00000000 00000000 00000000
501 000 004 003 002 001 00000000 00000000 00000000 0000005C 00000000 00000000 00000000 00000000 00000000 00000000 00000000 00000000 00000000 00000000
502 001 000 004 003 002 00000001 00000000 00000000 0000005C 00000000 00000000 00000000 00000000 00000000 00000000 00000000 00000000 00000000 00000000
503 002 001 000 004 003 00000001 00000000 00000000 0000005C 00000000 00000000 00000000 00000000 00000000 00000000 00000000 00000000 00000000 00000000
504 003 002 001 000 004 00000001 00000000 00000000 0000005C 00000000 00000000 00000000 00000000 00000000 00000000 00000000 00000000 00000000 00000000
505 004 003 002 001 000 00000001 00000000 00000000 0000005D 00000000 00000000 00000000 00000000 00000000 00000000 00000000 00000000 00000000 00000000
506 000 004 003 002 001 00000000 00000000 00000000 0000005D 00000000 00000000 00000000 00000000 00000000 00000000 00000000 00000000 00000000 00000000
507 001 000 004 003 002 00000001 00000000 00000000 0000005D 00000000 00000000 00000000 00000000 00000000 00000000 00000000 00000000 00000000 00000000
508 002 001 000 004 003 00000001 00000000 00000000 0000005D 00000000 00000000 00000000 00000000 00000000 00000000 00000000 00000000 00000000 00000000
509 003 002 001 000 004 00000001 00000000 00000000 0000005D 00000000 00000000 00000000 00000000 00000000 00000000 00000000 00000000 00000000 00000000
510 004 003 002 001 000 00000001 00000000 00000000 0000005E 00000000 00000000 00000000 00000000 00000000 00000000 00000000 00000000 00000000 00000000
511 000 004 003 002 001 00000000 00000000 00000000 0000005E 00000000 00000000 00000000 00000000 00000000 00000000 00000000 00000000 00000000 00000000
512 001 000 004 003 002 00000001 00000000 00000000 0000005E 00000000 00000000 00000000 00000000 00000000 00000000 00000000 00000000 00000000 00000000
513 002 001 000 004 003 00000001 00000000 00000000 0000005E 00000000 00000000 00000000 00000000 00000000 00000000 00000000 00000000 00000000 00000000
514 003 002 001 000 004 00000001 00000000 00000000 0000005E 00000000 00000000 00000000 00000000 00000000 00000000 00000000 00000000 00000000 00000000
515 004 003 002 001 000 00000001 00000000 00000000 0000005F 00000000 00000000 00000000 00000000 00000000 00000000 00000000 00000000 00000000 00000000
516 000 004 003 002 001 00000000 00000000 00000000 0000005F 00000000 00000000 00000000 00000000 00000000 00000000 00000000 00000000 00000000 00000000
517 001 000 004 003 002 00000001 00000000 00000000 0000005F 00000000 00000000 00000000 00000000 00000000 00000000 00000000 00000000 00000000 00000000
518 002 001 000 004 003 00000001 00000000 00000000 0000005F 00000000 00000000 00000000 00000000 00000000 00000000 00000000 00000000 00000000 00000000
519 003 002 001 000 004 00000001 00000000 00000000 0000005F 00000000 00000000 00000000 00000000 00000000 00000000 00000000 00000000 00000000 00000000
520 004 003 002 001 000 00000001 00000000 00000000 00000060 00000000 00000000 00000000 00000000 00000000 00000000 00000000 00000000 00000000 00000000
521 000 004 003 002 001 00000000 00000000 00000000 00000060 00000000 00000000 00000000 00000000 00000000 00000000 00000000 00000000 00000000 00000000
522 001 000 004 003 002 00000001 00000000 00000000 00000060 00000000 00000000 00000000 00000000 00000000 00000000 00000000 00000000 00000000 00000000
523 002 001 000 004 003 00000001 00000000 00000000 00000060 00000000 00000000 00000000 00000000 00000000 00000000 00000000 00000000 00000000 00000000
524 003 002 001 000 004 00000001 00000000 00000000 00000060 00000000 00000000 00000000 00000000 00000000 00000000 00000000 00000000 00000000 00000000
525 004 003 002 001 000 00000001 00000000 00000000 00000061 00000000 00000000 00000000 00000000 00000000 00000000 00000000 00000000 00000000 00000000
526 000 004 003 002 001 00000000 00000000 00000000 00000061 00000000 00000000 00000000 00000000 00000000 00000000 00000000 00000000 00000000 00000000
527 001 000 004 003 002 00000001 00000000 00000000 00000061 00000000 00000000 00000000 00000000 00000000 00000000 00000000 00000000 00000000 00000000
528 002 001 000 004 003 00000001 00000000 00000000 00000061 00000000 00000000 00000000 00000000 00000000 00000000 00000000 00000000 00000000 00000000
529 003 002 001 000 004 00000001 00000000 00000000 00000061 00000000 00000000 00000000 00000000 00000000 00000000 00000000 00000000 00000000 00000000
530 004 003 002 001 000 00000001 00000000 00000000 00000062 00000000 00000000 00000000 00000000 00000000 00000000 00000000 00000000 00000000 00000000
531 000 004 003 002 001 00000000 00000000 00000000 00000062 00000000 00000000 00000000 00000000 00000000 00000000 00000000 00000000 00000000 00000000
532 001 000 004 003 002 00000001 00000000 00000000 00000062 00000000 00000000 00000000 00000000 00000000 00000000 00000000 00000000 00000000 00000000
533 002 001 000 004 003 00000001 00000000 00000000 00000062 00000000 00000000 00000000 00000000 00000000 00000000 00000000 00000000 00000000 00000000
534 003 002 001 000 004 00000001 00000000 00000000 00000062 00000000 00000000 00000000 00000000 00000000 00000000 00000000 00000000 00000000 00000000
535 004 003 002 001 000 00000001 00000000 00000000 00000063 00000000 00000000 00000000 00000000 00000000 00000000 00000000 00000000 00000000 00000000
536 000 004 003 002 001 00000000 00000000 00000000 00000063 00000000 00000000 00000000 00000000 00000000 00000000 00000000 00000000 00000000 00000000
537 001 000 004 003 002 00000001 00000000 00000000 00000063 00000000 00000000 00000000 00000000 00000000 00000000 00000000 00000000 00000000 00000000
538 002 001 000 004 003 00000001 00000000 00000000 00000063 00000000 00000000 00000000 00000000 00000000 00000000 00000000 00000000 00000000 00000000
539 003 002 001 000 004 00000001 00000000 00000000 00000063 00000000 00000000 00000000 00000000 00000000 00000000 00000000 00000000 00000000 00000000
540 004 003 002 001 000 00000001 00000000 00000000 00000064 00000000 00000000 00000000 00000000 00000000 00000000 00000000 00000000 00000000 00000000
541 005 004 003 002 001 00000000 00000000 00000000 00000064 00000000 00000000 00000000 00000000 00000000 00000000 00000000 00000000 00000000 00000000
542 006 005 004 003 002 00000001 00000000 00000000 00000064 00000000 00000000 00000000 00000000 00000000 00000000 00000000 00000000 00000000 00000000
543 007 006 005 004 003 00000001 00000000 00000000 00000064 00000000 00000000 00000000 00000000 00000000 00000000 00000000 00000000 00000000 00000000
544 008 007 006 005 004 00000001 00000000 00000000 00000064 00000000 00000000 00000000 00000000 00000000 00000000 00000000 00000000 00000000 00000000
545 --- --- 007 006 005 00000001 00000000 00000000 00000065 00000000 00000000 00000000 00000000 00000000 00000000 00000000 00000000 00000000 00000000
546 --- --- --- 007 006 00000000 00000000 00000000 00000065 00000000 00000000 00000000 00000000 00000000 00000000 00000000 0000000