0 0 --- --- --- --- 00000000 00000000 00000000 00000000 00000000 00000000 00000000 00000000 00000000 00000000 00000000 00000000 00000000 00000000 00000000
4 1 0 --- --- --- 00000001 00000001 00000000 00000000 00000000 00000000 00000000 00000000 00000000 00000000 00000000 00000000 00000000 00000000 00000000
8 2 1 0 --- --- 00000001 00000001 00000001 00000000 00000000 00000000 00000000 00000000 00000000 00000000 00000000 00000000 00000000 00000000 00000000
12 3 2 1 0 --- 00000001 00000001 00000001 00000001 00000000 00000000 00000000 00000000 00000000 00000000 00000000 00000000 00000000 00000000 00000000
16 4 3 2 1 0 00000001 00000001 00000001 00000001 00000001 00000000 00000000 00000000 00000000 00000000 00000000 00000000 00000000 00000000 00000000
20 5 4 3 2 1 00000001 00000001 00000001 00000001 00000001 00000001 00000000 00000000 00000000 00000000 00000000 00000000 00000000 00000000 00000000
24 6 5 4 3 2 00000001 00000001 00000001 00000001 00000001 00000001 00000001 00000000 00000000 00000000 00000000 00000000 00000000 00000000 00000000
28 0 6 5 4 3 00000064 00000001 00000001 00000001 00000001 00000001 00000001 00000000 00000000 00000000 00000000 00000000 00000000 00000000 00000000
32 1 0 6 5 4 00000001 00000002 00000001 00000001 00000001 00000001 00000001 00000000 00000000 00000000 00000000 00000000 00000000 00000000 00000000
36 2 1 0 6 5 00000001 00000002 00000002 00000001 00000001 00000001 00000001 00000000 00000000 00000000 00000000 00000000 00000000 00000000 00000000
40 3 2 1 0 6 00000001 00000002 00000002 00000002 00000001 00000001 00000001 00000000 00000000 00000000 00000000 00000000 00000000 00000000 00000000
44 4 3 2 1 0 00000001 00000002 00000002 00000002 00000002 00000001 00000001 00000000 00000000 00000000 00000000 00000000 00000000 00000000 00000000
48 5 4 3 2 1 00000001 00000002 00000002 00000002 00000002 00000002 00000001 00000000 00000000 00000000 00000000 00000000 00000000 00000000 00000000
52 6 5 4 3 2 00000001 00000002 00000002 00000002 00000002 00000002 00000002 00000000 00000000 00000000 00000000 00000000 00000000 00000000 00000000
56 0 6 5 4 3 00000064 00000002 00000002 00000002 00000002 00000002 00000002 00000000 00000000 00000000 00000000 00000000 00000000 00000000 00000000
60 1 0 6 5 4 00000001 00000003 00000002 00000002 00000002 00000002 00000002 00000000 00000000 00000000 00000000 00000000 00000000 00000000 00000000
64 2 1 0 6 5 00000001 00000003 00000003 00000002 00000002 00000002 00000002 00000000 00000000 00000000 00000000 00000000 00000000 00000000 00000000
68 3 2 1 0 6 00000001 00000003 00000003 00000003 00000002 00000002 00000002 00000000 00000000 00000000 00000000 00000000 00000000 00000000 00000000
72 4 3 2 1 0 00000001 00000003 00000003 00000003 00000003 00000002 00000002 00000000 00000000 00000000 00000000 00000000 00000000 00000000 00000000
76 5 4 3 2 1 00000001 00000003 00000003 00000003 00000003 00000003 00000002 00000000 00000000 00000000 00000000 00000000 00000000 00000000 00000000
80 6 5 4 3 2 00000001 00000003 00000003 00000003 00000003 00000003 00000003 00000000 00000000 00000000 00000000 00000000 00000000 00000000 00000000
84 0 6 5 4 3 00000064 00000003 00000003 00000003 00000003 00000003 00000003 00000000 00000000 00000000 00000000 00000000 00000000 00000000 00000000
88 1 0 6 5 4 00000001 00000004 00000003 00000003 00000003 00000003 00000003 00000000 00000000 00000000 00000000 00000000 00000000 00000000 00000000
92 2 1 0 6 5 00000001 00000004 00000004 00000003 00000003 00000003 00000003 00000000 00000000 00000000 00000000 00000000 00000000 00000000 00000000
96 3 2 1 0 6 00000001 00000004 00000004 00000004 00000003 00000003 00000003 00000000 00000000 00000000 00000000 00000000 00000000 00000000 00000000
100 4 3 2 1 0 00000001 00000004 00000004 00000004 00000004 00000003 00000003 00000000 00000000 00000000 00000000 00000000 00000000 00000000 00000000
104 5 4 3 2 1 00000001 00000004 00000004 00000004 00000004 00000004 00000003 00000000 00000000 00000000 00000000 00000000 00000000 00000000 00000000
108 6 5 4 3 2 00000001 00000004 00000004 00000004 00000004 00000004 00000004 00000000 00000000 00000000 00000000 00000000 00000000 00000000 00000000
112 0 6 5 4 3 00000064 00000004 00000004 00000004 00000004 00000004 00000004 00000000 00000000 00000000 00000000 00000000 00000000 00000000 00000000
116 1 0 6 5 4 00000001 00000005 00000004 00000004 00000004 00000004 00000004 00000000 00000000 00000000 00000000 00000000 00000000 00000000 00000000
120 2 1 0 6 5 00000001 00000005 00000005 00000004 00000004 00000004 00000004 00000000 00000000 00000000 00000000 00000000 00000000 00000000 00000000
124 3 2 1 0 6 00000001 00000005 00000005 00000005 00000004 00000004 00000004 00000000 00000000 00000000 00000000 00000000 00000000 00000000 00000000
128 4 3 2 1 0 00000001 00000005 00000005 00000005 00000005 00000004 00000004 00000000 00000000 00000000 00000000 00000000 00000000 00000000 00000000
132 5 4 3 2 1 00000001 00000005 00000005 00000005 00000005 00000005 00000004 00000000 00000000 00000000 00000000 00000000 00000000 00000000 00000000
136 6 5 4 3 2 00000001 00000005 00000005 00000005 00000005 00000005 00000005 00000000 00000000 00000000 00000000 00000000 00000000 00000000 00000000
140 0 6 5 4 3 00000064 00000005 00000005 00000005 00000005 00000005 00000005 00000000 00000000 00000000 00000000 00000000 00000000 00000000 00000000
144 1 0 6 5 4 00000001 00000006 00000005 00000005 00000005 00000005 00000005 00000000 00000000 00000000 00000000 00000000 00000000 00000000 00000000
148 2 1 0 6 5 00000001 00000006 00000006 00000005 00000005 00000005 00000005 00000000 00000000 00000000 00000000 00000000 00000000 00000000 00000000
152 3 2 1 0 6 00000001 00000006 00000006 00000006 00000005 00000005 00000005 00000000 00000000 00000000 00000000 00000000 00000000 00000000 00000000
156 4 3 2 1 0 00000001 00000006 00000006 00000006 00000006 00000005 00000005 00000000 00000000 00000000 00000000 00000000 00000000 00000000 00000000
160 5 4 3 2 1 00000001 00000006 00000006 00000006 00000006 00000006 00000005 00000000 00000000 00000000 00000000 00000000 00000000 00000000 00000000
164 6 5 4 3 2 00000001 00000006 00000006 00000006 00000006 00000006 00000006 00000000 00000000 00000000 00000000 00000000 00000000 00000000 00000000
168 0 6 5 4 3 00000064 00000006 00000006 00000006 00000006 00000006 00000006 00000000 00000000 00000000 00000000 00000000 00000000 00000000 00000000
172 1 0 6 5 4 00000001 00000007 00000006 00000006 00000006 00000006 00000006 00000000 00000000 00000000 00000000 00000000 00000000 00000000 00000000
176 2 1 0 6 5 00000001 00000007 00000007 00000006 00000006 00000006 00000006 00000000 00000000 00000000 00000000 00000000 00000000 00000000 00000000
180 3 2 1 0 6 00000001 00000007 00000007 00000007 00000006 00000006 00000006 00000000 00000000 00000000 00000000 00000000 00000000 00000000 00000000
184 4 3 2 1 0 00000001 00000007 00000007 00000007 00000007 00000006 00000006 00000000 00000000 00000000 00000000 00000000 00000000 00000000 00000000
188 5 4 3 2 1 00000001 00000007 00000007 00000007 00000007 00000007 00000006 00000000 00000000 00000000 00000000 00000000 00000000 00000000 00000000
192 6 5 4 3 2 00000001 00000007 00000007 00000007 00000007 00000007 00000007 00000000 00000000 00000000 00000000 00000000 00000000 00000000 00000000
196 0 6 5 4 3 00000064 00000007 00000007 00000007 00000007 00000007 00000007 00000000 00000000 00000000 00000000 00000000 00000000 00000000 00000000
200 1 0 6 5 4 00000001 00000008 00000007 00000007 00000007 00000007 00000007 00000000 00000000 00000000 00000000 00000000 00000000 00000000 00000000
204 2 1 0 6 5 00000001 00000008 00000008 00000007 00000007 00000007 00000007 00000000 00000000 00000000 00000000 00000000 00000000 00000000 00000000
208 3 2 1 0 6 00000001 00000008 00000008 00000008 00000007 00000007 00000007 00000000 00000000 00000000 00000000 00000000 00000000 00000000 00000000
212 4 3 2 1 0 00000001 00000008 00000008 00000008 00000008 00000007 00000007 00000000 00000000 00000000 00000000 00000000 00000000 00000000 00000000
216 5 4 3 2 1 00000001 00000008 00000008 00000008 00000008 00000008 00000007 00000000 00000000 00000000 00000000 00000000 00000000 00000000 00000000
220 6 5 4 3 2 00000001 00000008 00000008 00000008 00000008 00000008 00000008 00000000 00000000 00000000 00000000 00000000 00000000 00000000 00000000
224 0 6 5 4 3 00000064 00000008 00000008 00000008 00000008 00000008 00000008 00000000 00000000 00000000 00000000 00000000 00000000 00000000 00000000
228 1 0 6 5 4 00000001 00000009 00000008 00000008 00000008 00000008 00000008 00000000 00000000 00000000 00000000 00000000 00000000 00000000 00000000
232 2 1 0 6 5 00000001 00000009 00000009 00000008 00000008 00000008 00000008 00000000 00000000 00000000 00000000 00000000 00000000 00000000 00000000
236 3 2 1 0 6 00000001 00000009 00000009 00000009 00000008 00000008 00000008 00000000 00000000 00000000 00000000 00000000 00000000 00000000 00000000
240 4 3 2 1 0 00000001 00000009 00000009 00000009 00000009 00000008 00000008 00000000 00000000 00000000 00000000 00000000 00000000 00000000 00000000
244 5 4 3 2 1 00000001 00000009 00000009 00000009 00000009 00000009 00000008 00000000 00000000 00000000 00000000 00000000 00000000 00000000 00000000
248 6 5 4 3 2 00000001 00000009 00000009 00000009 00000009 00000009 00000009 00000000 00000000 00000000 00000000 00000000 00000000 00000000 00000000
252 0 6 5 4 3 00000064 00000009 00000009 00000009 00000009 00000009 00000009 00000000 00000000 00000000 00000000 00000000 00000000 00000000 00000000
256 1 0 6 5 4 00000001 0000000A 00000009 00000009 00000009 00000009 00000009 00000000 00000000 00000000 00000000 00000000 00000000 00000000 00000000
260 2 1 0 6 5 00000001 0000000A 0000000A 00000009 00000009 00000009 00000009 00000000 00000000 00000000 00000000 00000000 00000000 00000000 00000000
264 3 2 1 0 6 00000001 0000000A 0000000A 0000000A 00000009 00000009 00000009 00000000 00000000 00000000 00000000 00000000 00000000 00000000 00000000
268 4 3 2 1 0 00000001 0000000A 0000000A 0000000A 0000000A 00000009 00000009 00000000 00000000 00000000 00000000 00000000 00000000 00000000 00000000
272 5 4 3 2 1 00000001 0000000A 0000000A 0000000A 0000000A 0000000A 00000009 00000000 00000000 00000000 00000000 00000000 00000000 00000000 00000000
276 6 5 4 3 2 00000001 0000000A 0000000A 0000000A 0000000A 0000000A 0000000A 00000000 00000000 00000000 00000000 00000000 00000000 00000000 00000000
280 0 6 5 4 3 00000064 0000000A 0000000A 0000000A 0000000A 0000000A 0000000A 00000000 00000000 00000000 00000000 00000000 00000000 00000000 00000000
284 1 0 6 5 4 00000001 0000000B 0000000A 0000000A 0000000A 0000000A 0000000A 00000000 00000000 00000000 00000000 00000000 00000000 00000000 00000000
288 2 1 0 6 5 00000001 0000000B 0000000B 0000000A 0000000A 0000000A 0000000A 00000000 00000000 00000000 00000000 00000000 00000000 00000000 00000000
292 3 2 1 0 6 00000001 0000000B 0000000B 0000000B 0000000A 0000000A 0000000A 00000000 00000000 00000000 00000000 00000000 00000000 00000000 00000000
296 4 3 2 1 0 00000001 0000000B 0000000B 0000000B 0000000B 0000000A 0000000A 00000000 00000000 00000000 00000000 00000000 00000000 00000000 00000000
300 5 4 3 2 1 00000001 0000000B 0000000B 0000000B 0000000B 0000000B 0000000A 00000000 00000000 00000000 00000000 00000000 00000000 00000000 00000000
304 6 5 4 3 2 00000001 0000000B 0000000B 0000000B 0000000B 0000000B 0000000B 00000000 00000000 00000000 00000000 00000000 00000000 00000000 00000000
308 0 6 5 4 3 00000064 0000000B 0000000B 0000000B 0000000B 0000000B 0000000B 00000000 00000000 00000000 00000000 00000000 00000000 00000000 00000000
312 1 0 6 5 4 00000001 0000000C 0000000B 0000000B 0000000B 0000000B 0000000B 00000000 00000000 00000000 00000000 00000000 00000000 00000000 00000000
316 2 1 0 6 5 00000001 0000000C 0000000C 0000000B 0000000B 0000000B 0000000B 00000000 00000000 00000000 00000000 00000000 00000000 00000000 00000000
320 3 2 1 0 6 00000001 0000000C 0000000C 0000000C 0000000B 0000000B 0000000B 00000000 00000000 00000000 00000000 00000000 00000000 00000000 00000000
324 4 3 2 1 0 00000001 0000000C 0000000C 0000000C 0000000C 0000000B 0000000B 00000000 00000000 00000000 00000000 00000000 00000000 00000000 00000000
328 5 4 3 2 1 00000001 0000000C 0000000C 0000000C 0000000C 0000000C 0000000B 00000000 00000000 00000000 00000000 00000000 00000000 00000000 00000000
332 6 5 4 3 2 00000001 0000000C 0000000C 0000000C 0000000C 0000000C 0000000C 00000000 00000000 00000000 00000000 00000000 00000000 00000000 00000000
336 0 6 5 4 3 00000064 0000000C 0000000C 0000000C 0000000C 0000000C 0000000C 00000000 00000000 00000000 00000000 00000000 00000000 00000000 00000000
340 1 0 6 5 4 00000001 0000000D 0000000C 0000000C 0000000C 0000000C 0000000C 00000000 00000000 00000000 00000000 00000000 00000000 00000000 00000000
344 2 1 0 6 5 00000001 0000000D 0000000D 0000000C 0000000C 0000000C 0000000C 00000000 00000000 00000000 00000000 00000000 00000000 00000000 00000000
348 3 2 1 0 6 00000001 0000000D 0000000D 0000000D 0000000C 0000000C 0000000C 00000000 00000000 00000000 00000000 00000000 00000000 00000000 00000000
352 4 3 2 1 0 00000001 0000000D 0000000D 0000000D 0000000D 0000000C 0000000C 00000000 00000000 00000000 00000000 00000000 00000000 00000000 00000000
356 5 4 3 2 1 00000001 0000000D 0000000D 0000000D 0000000D 0000000D 0000000C 00000000 00000000 00000000 00000000 00000000 00000000 00000000 00000000
360 6 5 4 3 2 00000001 0000000D 0000000D 0000000D 0000000D 0000000D 0000000D 00000000 00000000 00000000 00000000 00000000 00000000 00000000 00000000
364 0 6 5 4 3 00000064 0000000D 0000000D 0000000D 0000000D 0000000D 0000000D 00000000 00000000 00000000 00000000 00000000 00000000 00000000 00000000
368 1 0 6 5 4 00000001 0000000E 0000000D 0000000D 0000000D 0000000D 0000000D 00000000 00000000 00000000 00000000 00000000 00000000 00000000 00000000
372 2 1 0 6 5 00000001 0000000E 0000000E 0000000D 0000000D 0000000D 0000000D 00000000 00000000 00000000 00000000 00000000 00000000 00000000 00000000
376 3 2 1 0 6 00000001 0000000E 0000000E 0000000E 0000000D 0000000D 0000000D 00000000 00000000 00000000 00000000 00000000 00000000 00000000 00000000
380 4 3 2 1 0 00000001 0000000E 0000000E 0000000E 0000000E 0000000D 0000000D 00000000 00000000 00000000 00000000 00000000 00000000 00000000 00000000
384 5 4 3 2 1 00000001 0000000E 0000000E 0000000E 0000000E 0000000E 0000000D 00000000 00000000 00000000 00000000 00000000 00000000 00000000 00000000
388 6 5 4 3 2 00000001 0000000E 0000000E 0000000E 0000000E 0000000E 0000000E 00000000 00000000 00000000 00000000 00000000 00000000 00000000 00000000
392 0 6 5 4 3 00000064 0000000E 0000000E 0000000E 0000000E 0000000E 0000000E 00000000 00000000 00000000 00000000 00000000 00000000 00000000 00000000
396 1 0 6 5 4 00000001 0000000F 0000000E 0000000E 0000000E 0000000E 0000000E 00000000 00000000 00000000 00000000 00000000 00000000 00000000 00000000
400 2 1 0 6 5 00000001 0000000F 0000000F 0000000E 0000000E 0000000E 0000000E 00000000 00000000 00000000 00000000 00000000 00000000 00000000 00000000
404 3 2 1 0 6 00000001 0000000F 0000000F 0000000F 0000000E 0000000E 0000000E 00000000 00000000 00000000 00000000 00000000 00000000 00000000 00000000
408 4 3 2 1 0 00000001 0000000F 0000000F 0000000F 0000000F 0000000E 0000000E 00000000 00000000 00000000 00000000 00000000 00000000 00000000 00000000
412 5 4 3 2 1 00000001 0000000F 0000000F 0000000F 0000000F 0000000F 0000000E 00000000 00000000 00000000 00000000 00000000 00000000 00000000 00000000
416 6 5 4 3 2 00000001 0000000F 0000000F 0000000F 0000000F 0000000F 0000000F 00000000 00000000 00000000 00000000 00000000 00000000 00000000 00000000
420 0 6 5 4 3 00000064 0000000F 0000000F 0000000F 0000000F 0000000F 0000000F 00000000 00000000 00000000 00000000 00000000 00000000 00000000 00000000
424 1 0 6 5 4 00000001 00000010 0000000F 0000000F 0000000F 0000000F 0000000F 00000000 00000000 00000000 00000000 00000000 00000000 00000000 00000000
428 2 1 0 6 5 00000001 00000010 00000010 0000000F 0000000F 0000000F 0000000F 00000000 00000000 00000000 00000000 00000000 00000000 00000000 00000000
432 3 2 1 0 6 00000001 00000010 00000010 00000010 0000000F 0000000F 0000000F 00000000 00000000 00000000 00000000 00000000 00000000 00000000 00000000
436 4 3 2 1 0 00000001 00000010 00000010 00000010 00000010 0000000F 0000000F 00000000 00000000 00000000 00000000 00000000 00000000 00000000 00000000
440 5 4 3 2 1 00000001 00000010 00000010 00000010 00000010 00000010 0000000F 00000000 00000000 00000000 00000000 00000000 00000000 00000000 00000000
444 6 5 4 3 2 00000001 00000010 00000010 00000010 00000010 00000010 00000010 00000000 00000000 00000000 00000000 00000000 00000000 00000000 00000000
448 0 6 5 4 3 00000064 00000010 00000010 00000010 00000010 00000010 00000010 00000000 00000000 00000000 00000000 00000000 00000000 00000000 00000000
452 1 0 6 5 4 00000001 00000011 00000010 00000010 00000010 00000010 00000010 00000000 00000000 00000000 00000000 00000000 00000000 00000000 00000000
456 2 1 0 6 5 00000001 00000011 00000011 00000010 00000010 00000010 00000010 00000000 00000000 00000000 00000000 00000000 00000000 00000000 00000000
460 3 2 1 0 6 00000001 00000011 00000011 00000011 00000010 00000010 00000010 00000000 00000000 00000000 00000000 00000000 00000000 00000000 00000000
464 4 3 2 1 0 00000001 00000011 00000011 00000011 00000011 00000010 00000010 00000000 00000000 00000000 00000000 00000000 00000000 00000000 00000000
468 5 4 3 2 1 00000001 00000011 00000011 00000011 00000011 00000011 00000010 00000000 00000000 00000000 00000000 00000000 00000000 00000000 00000000
472 6 5 4 3 2 00000001 00000011 00000011 00000011 00000011 00000011 00000011 00000000 00000000 00000000 00000000 00000000 00000000 00000000 00000000
476 0 6 5 4 3 00000064 00000011 00000011 00000011 00000011 00000011 00000011 00000000 00000000 00000000 00000000 00000000 00000000 00000000 00000000
480 1 0 6 5 4 00000001 00000012 00000011 00000011 00000011 00000011 00000011 00000000 00000000 00000000 00000000 00000000 00000000 00000000 00000000
484 2 1 0 6 5 00000001 00000012 00000012 00000011 00000011 00000011 00000011 00000000 00000000 00000000 00000000 00000000 00000000 00000000 00000000
488 3 2 1 0 6 00000001 00000012 00000012 00000012 00000011 00000011 00000011 00000000 00000000 00000000 00000000 00000000 00000000 00000000 00000000
492 4 3 2 1 0 00000001 00000012 00000012 00000012 00000012 00000011 00000011 00000000 00000000 00000000 00000000 00000000 00000000 00000000 00000000
496 5 4 3 2 1 00000001 00000012 00000012 00000012 00000012 00000012 00000011 00000000 00000000 00000000 00000000 00000000 00000000 00000000 00000000
500 6 5 4 3 2 00000001 00000012 00000012 00000012 00000012 00000012 00000012 00000000 00000000 00000000 00000000 00000000 00000000 00000000 00000000
504 0 6 5 4 3 00000064 00000012 00000012 00000012 00000012 00000012 00000012 00000000 00000000 00000000 00000000 00000000 00000000 00000000 00000000
508 1 0 6 5 4 00000001 00000013 00000012 00000012 00000012 00000012 00000012 00000000 00000000 00000000 00000000 00000000 00000000 00000000 00000000
512 2 1 0 6 5 00000001 00000013 00000013 00000012 00000012 00000012 00000012 00000000 00000000 00000000 00000000 00000000 00000000 00000000 00000000
516 3 2 1 0 6 00000001 00000013 00000013 00000013 00000012 00000012 00000012 00000000 00000000 00000000 00000000 00000000 00000000 00000000 00000000
520 4 3 2 1 0 00000001 00000013 00000013 00000013 00000013 00000012 00000012 00000000 00000000 00000000 00000000 00000000 00000000 00000000 00000000
524 5 4 3 2 1 00000001 00000013 00000013 00000013 00000013 00000013 00000012 00000000 00000000 00000000 00000000 00000000 00000000 00000000 00000000
528 6 5 4 3 2 00000001 00000013 00000013 00000013 00000013 00000013 00000013 00000000 00000000 00000000 00000000 00000000 00000000 00000000 00000000
532 0 6 5 4 3 00000064 00000013 00000013 00000013 00000013 00000013 00000013 00000000 00000000 00000000 00000000 00000000 00000000 00000000 00000000
536 1 0 6 5 4 00000001 00000014 00000013 00000013 00000013 00000013 00000013 00000000 00000000 00000000 00000000 00000000 00000000 00000000 00000000
540 2 1 0 6 5 00000001 00000014 00000014 00000013 00000013 00000013 00000013 00000000 00000000 00000000 00000000 00000000 00000000 00000000 00000000
544 3 2 1 0 6 00000001 00000014 00000014 00000014 00000013 00000013 00000013 00000000 00000000 00000000 00000000 00000000 00000000 00000000 00000000
548 4 3 2 1 0 00000001 00000014 00000014 00000014 00000014 00000013 00000013 00000000 00000000 00000000 00000000 00000000 00000000 00000000 00000000
552 5 4 3 2 1 00000001 00000014 00000014 00000014 00000014 00000014 00000013 00000000 00000000 00000000 00000000 00000000 00000000 00000000 00000000
556 6 5 4 3 2 00000001 00000014 00000014 00000014 00000014 00000014 00000014 00000000 00000000 00000000 00000000 00000000 00000000 00000000 00000000
560 0 6 5 4 3 00000064 00000014 00000014 00000014 00000014 00000014 00000014 00000000 00000000 00000000 00000000 00000000 00000000 00000000 00000000
564 1 0 6 5 4 00000001 00000015 00000014 00000014 00000014 00000014 00000014 00000000 00000000 00000000 00000000 00000000 00000000 00000000 00000000
568 2 1 0 6 5 00000001 00000015 00000015 00000014 00000014 00000014 00000014 00000000 00000000 00000000 00000000 00000000 00000000 00000000 00000000
572 3 2 1 0 6 00000001 00000015 00000015 00000015 00000014 00000014 00000014 00000000 00000000 00000000 00000000 00000000 00000000 00000000 00000000
576 4 3 2 1 0 00000001 00000015 00000015 00000015 00000015 00000014 00000014 00000000 00000000 00000000 00000000 00000000 00000000 00000000 00000000
580 5 4 3 2 1 00000001 00000015 00000015 00000015 00000015 00000015 00000014 00000000 00000000 00000000 00000000 00000000 00000000 00000000 00000000
584 6 5 4 3 2 00000001 00000015 00000015 00000015 00000015 00000015 00000015 00000000 00000000 00000000 00000000 00000000 00000000 00000000 00000000
588 0 6 5 4 3 00000064 00000015 00000015 00000015 00000015 00000015 00000015 00000000 00000000 00000000 00000000 00000000 00000000 00000000 00000000
592 1 0 6 5 4 00000001 00000016 00000015 00000015 00000015 00000015 00000015 00000000 00000000 00000000 00000000 00000000 00000000 00000000 00000000
596 2 1 0 6 5 00000001 00000016 00000016 00000015 00000015 00000015 00000015 00000000 00000000 00000000 00000000 00000000 00000000 00000000 00000000
600 3 2 1 0 6 00000001 00000016 00000016 00000016 00000015 00000015 00000015 00000000 00000000 00000000 00000000 00000000 00000000 00000000 00000000
604 4 3 2 1 0 00000001 00000016 00000016 00000016 00000016 00000015 00000015 00000000 00000000 00000000 00000000 00000000 00000000 00000000 00000000
608 5 4 3 2 1 00000001 00000016 00000016 00000016 00000016 00000016 00000015 00000000 00000000 00000000 00000000 00000000 00000000 00000000 00000000
612 6 5 4 3 2 00000001 00000016 00000016 00000016 00000016 00000016 00000016 00000000 00000000 00000000 00000000 00000000 00000000 00000000 00000000
616 0 6 5 4 3 00000064 00000016 00000016 00000016 00000016 00000016 00000016 00000000 00000000 00000000 00000000 00000000 00000000 00000000 00000000
620 1 0 6 5 4 00000001 00000017 00000016 00000016 00000016 00000016 00000016 00000000 00000000 00000000 00000000 00000000 00000000 00000000 00000000
624 2 1 0 6 5 00000001 00000017 00000017 00000016 00000016 00000016 00000016 00000000 00000000 00000000 00000000 00000000 00000000 00000000 00000000
628 3 2 1 0 6 00000001 00000017 00000017 00000017 00000016 00000016 00000016 00000000 00000000 00000000 00000000 00000000 00000000 00000000 00000000
632 4 3 2 1 0 00000001 00000017 00000017 00000017 00000017 00000016 00000016 00000000 00000000 00000000 00000000 00000000 00000000 00000000 00000000
636 5 4 3 2 1 00000001 00000017 00000017 00000017 00000017 00000017 00000016 00000000 00000000 00000000 00000000 00000000 00000000 00000000 00000000
640 6 5 4 3 2 00000001 00000017 00000017 00000017 00000017 00000017 00000017 00000000 00000000 00000000 00000000 00000000 00000000 00000000 00000000
644 0 6 5 4 3 00000064 00000017 00000017 00000017 00000017 00000017 00000017 00000000 00000000 00000000 00000000 00000000 00000000 00000000 00000000
648 1 0 6 5 4 00000001 00000018 00000017 00000017 00000017 00000017 00000017 00000000 00000000 00000000 00000000 00000000 00000000 00000000 00000000
652 2 1 0 6 5 00000001 00000018 00000018 00000017 00000017 00000017 00000017 00000000 00000000 00000000 00000000 00000000 00000000 00000000 00000000
656 3 2 1 0 6 00000001 00000018 00000018 00000018 00000017 00000017 00000017 00000000 00000000 00000000 00000000 00000000 00000000 00000000 00000000
660 4 3 2 1 0 00000001 00000018 00000018 00000018 00000018 00000017 00000017 00000000 00000000 00000000 00000000 00000000 00000000 00000000 00000000
664 5 4 3 2 1 00000001 00000018 00000018 00000018 00000018 00000018 00000017 00000000 00000000 00000000 00000000 00000000 00000000 00000000 00000000
668 6 5 4 3 2 00000001 00000018 00000018 00000018 00000018 00000018 00000018 00000000 00000000 00000000 00000000 00000000 00000000 00000000 00000000
672 0 6 5 4 3 00000064 00000018 00000018 00000018 00000018 00000018 00000018 00000000 00000000 00000000 00000000 00000000 00000000 00000000 00000000
676 1 0 6 5 4 00000001 00000019 00000018 00000018 00000018 00000018 00000018 00000000 00000000 00000000 00000000 00000000 00000000 00000000 00000000
680 2 1 0 6 5 00000001 00000019 00000019 00000018 00000018 00000018 00000018 00000000 00000000 00000000 00000000 00000000 00000000 00000000 00000000
684 3 2 1 0 6 00000001 00000019 00000019 00000019 00000018 00000018 00000018 00000000 00000000 00000000 00000000 00000000 00000000 00000000 00000000
688 4 3 2 1 0 00000001 00000019 00000019 00000019 00000019 00000018 00000018 00000000 00000000 00000000 00000000 00000000 00000000 00000000 00000000
692 5 4 3 2 1 00000001 00000019 00000019 00000019 00000019 00000019 00000018 00000000 00000000 00000000 00000000 00000000 00000000 00000000 00000000
696 6 5 4 3 2 00000001 00000019 00000019 00000019 00000019 00000019 00000019 00000000 00000000 00000000 00000000 00000000 00000000 00000000 00000000
700 0 6 5 4 3 00000064 00000019 00000019 00000019 00000019 00000019 00000019 00000000 00000000 00000000 00000000 00000000 00000000 00000000 00000000
704 1 0 6 5 4 00000001 0000001A 00000019 00000019 00000019 00000019 00000019 00000000 00000000 00000000 00000000 00000000 00000000 00000000 00000000
708 2 1 0 6 5 00000001 0000001A 0000001A 00000019 00000019 00000019 00000019 00000000 00000000 00000000 00000000 00000000 00000000 00000000 00000000
712 3 2 1 0 6 00000001 0000001A 0000001A 0000001A 00000019 00000019 00000019 00000000 00000000 00000000 00000000 00000000 00000000 00000000 00000000
716 4 3 2 1 0 00000001 0000001A 0000001A 0000001A 0000001A 00000019 00000019 00000000 00000000 00000000 00000000 00000000 00000000 00000000 00000000
720 5 4 3 2 1 00000001 0000001A 0000001A 0000001A 0000001A 0000001A 00000019 00000000 00000000 00000000 00000000 00000000 00000000 00000000 00000000
724 6 5 4 3 2 00000001 0000001A 0000001A 0000001A 0000001A 0000001A 0000001A 00000000 00000000 00000000 00000000 00000000 00000000 00000000 00000000
728 0 6 5 4 3 00000064 0000001A 0000001A 0000001A 0000001A 0000001A 0000001A 00000000 00000000 00000000 00000000 00000000 00000000 00000000 00000000
732 1 0 6 5 4 00000001 0000001B 0000001A 0000001A 0000001A 0000001A 0000001A 00000000 00000000 00000000 00000000 00000000 00000000 00000000 00000000
736 2 1 0 6 5 00000001 0000001B 0000001B 0000001A 0000001A 0000001A 0000001A 00000000 00000000 00000000 00000000 00000000 00000000 00000000 00000000
740 3 2 1 0 6 00000001 0000001B 0000001B 0000001B 0000001A 0000001A 0000001A 00000000 00000000 00000000 00000000 00000000 00000000 00000000 00000000
744 4 3 2 1 0 00000001 0000001B 0000001B 0000001B 0000001B 0000001A 0000001A 00000000 00000000 00000000 00000000 00000000 00000000 00000000 00000000
748 5 4 3 2 1 00000001 0000001B 0000001B 0000001B 0000001B 0000001B 0000001A 00000000 00000000 00000000 00000000 00000000 00000000 00000000 00000000
752 6 5 4 3 2 00000001 0000001B 0000001B 0000001B 0000001B 0000001B 0000001B 00000000 00000000 00000000 00000000 00000000 00000000 00000000 00000000
756 0 6 5 4 3 00000064 0000001B 0000001B 0000001B 0000001B 0000001B 0000001B 00000000 00000000 00000000 00000000 00000000 00000000 00000000 00000000
760 1 0 6 5 4 00000001 0000001C 0000001B 0000001B 0000001B 0000001B 0000001B 00000000 00000000 00000000 00000000 00000000 00000000 00000000 00000000
764 2 1 0 6 5 00000001 0000001C 0000001C 0000001B 0000001B 0000001B 0000001B 00000000 00000000 00000000 00000000 00000000 00000000 00000000 00000000
768 3 2 1 0 6 00000001 0000001C 0000001C 0000001C 0000001B 0000001B 0000001B 00000000 00000000 00000000 00000000 00000000 00000000 00000000 00000000
772 4 3 2 1 0 00000001 0000001C 0000001C 0000001C 0000001C 0000001B 0000001B 00000000 00000000 00000000 00000000 00000000 00000000 00000000 00000000
776 5 4 3 2 1 00000001 0000001C 0000001C 0000001C 0000001C 0000001C 0000001B 00000000 00000000 00000000 00000000 00000000 00000000 00000000 00000000
780 6 5 4 3 2 00000001 0000001C 0000001C 0000001C 0000001C 0000001C 0000001C 00000000 00000000 00000000 00000000 00000000 00000000 00000000 00000000
784 0 6 5 4 3 00000064 0000001C 0000001C 0000001C 0000001C 0000001C 0000001C 00000000 00000000 00000000 00000000 00000000 00000000 00000000 00000000
788 1 0 6 5 4 00000001 0000001D 0000001C 0000001C 0000001C 0000001C 0000001C 00000000 00000000 00000000 00000000 00000000 00000000 00000000 00000000
792 2 1 0 6 5 00000001 0000001D 0000001D 0000001C 0000001C 0000001C 0000001C 00000000 00000000 00000000 00000000 00000000 00000000 00000000 00000000
796 3 2 1 0 6 00000001 0000001D 0000001D 0000001D 0000001C 0000001C 0000001C 00000000 00000000 00000000 00000000 00000000 00000000 00000000 00000000
800 4 3 2 1 0 00000001 0000001D 0000001D 0000001D 0000001D 0000001C 0000001C 00000000 00000000 00000000 00000000 00000000 00000000 00000000 00000000
804 5 4 3 2 1 00000001 0000001D 0000001D 0000001D 0000001D 0000001D 0000001C 00000000 00000000 00000000 00000000 00000000 00000000 00000000 00000000
808 6 5 4 3 2 00000001 0000001D 0000001D 0000001D 0000001D 0000001D 0000001D 00000000 00000000 00000000 00000000 00000000 00000000 00000000 00000000
812 0 6 5 4 3 00000064 0000001D 0000001D 0000001D 0000001D 0000001D 0000001D 00000000 00000000 00000000 00000000 00000000 00000000 00000000 00000000
816 1 0 6 5 4 00000001 0000001E 0000001D 0000001D 0000001D 0000001D 0000001D 00000000 00000000 00000000 00000000 00000000 00000000 00000000 00000000
820 2 1 0 6 5 00000001 0000001E 0000001E 0000001D 0000001D 0000001D 0000001D 00000000 00000000 00000000 00000000 00000000 00000000 00000000 00000000
824 3 2 1 0 6 00000001 0000001E 0000001E 0000001E 0000001D 0000001D 0000001D 00000000 00000000 00000000 00000000 00000000 00000000 00000000 00000000
828 4 3 2 1 0 00000001 0000001E 0000001E 0000001E 0000001E 0000001D 0000001D 00000000 00000000 00000000 00000000 00000000 00000000 00000000 00000000
832 5 4 3 2 1 00000001 0000001E 0000001E 0000001E 0000001E 0000001E 0000001D 00000000 00000000 00000000 00000000 00000000 00000000 00000000 00000000
836 6 5 4 3 2 00000001 0000001E 0000001E 0000001E 0000001E 0000001E 0000001E 00000000 00000000 00000000 00000000 00000000 00000000 00000000 00000000
840 0 6 5 4 3 00000064 0000001E 0000001E 0000001E 0000001E 0000001E 0000001E 00000000 00000000 00000000 00000000 00000000 00000000 00000000 00000000
844 1 0 6 5 4 00000001 0000001F 0000001E 0000001E 0000001E 0000001E 0000001E 00000000 00000000 00000000 00000000 00000000 00000000 00000000 00000000
848 2 1 0 6 5 00000001 0000001F 0000001F 0000001E 0000001E 0000001E 0000001E 00000000 00000000 00000000 00000000 00000000 00000000 00000000 00000000
852 3 2 1 0 6 00000001 0000001F 0000001F 0000001F 0000001E 0000001E 0000001E 00000000 00000000 00000000 00000000 00000000 00000000 00000000 00000000
856 4 3 2 1 0 00000001 0000001F 0000001F 0000001F 0000001F 0000001E 0000001E 00000000 00000000 00000000 00000000 00000000 00000000 00000000 00000000
860 5 4 3 2 1 00000001 0000001F 0000001F 0000001F 0000001F 0000001F 0000001E 00000000 00000000 00000000 00000000 00000000 00000000 00000000 00000000
864 6 5 4 3 2 00000001 0000001F 0000001F 0000001F 0000001F 0000001F 0000001F 00000000 00000000 00000000 00000000 00000000 00000000 00000000 00000000
868 0 6 5 4 3 00000064 0000001F 0000001F 0000001F 0000001F 0000001F 0000001F 00000000 00000000 00000000 00000000 00000000 00000000 00000000 00000000
872 1 0 6 5 4 00000001 00000020 0000001F 0000001F 0000001F 0000001F 0000001F 00000000 00000000 00000000 00000000 00000000 00000000 00000000 00000000
876 2 1 0 6 5 00000001 00000020 00000020 0000001F 0000001F 0000001F 0000001F 00000000 00000000 00000000 00000000 00000000 00000000 00000000 00000000
880 3 2 1 0 6 00000001 00000020 00000020 00000020 0000001F 0000001F 0000001F 00000000 00000000 00000000 00000000 00000000 00000000 00000000 00000000
884 4 3 2 1 0 00000001 00000020 00000020 00000020 00000020 0000001F 0000001F 00000000 00000000 00000000 00000000 00000000 00000000 00000000 00000000
888 5 4 3 2 1 00000001 00000020 00000020 00000020 00000020 00000020 0000001F 00000000 00000000 00000000 00000000 00000000 00000000 00000000 00000000
892 6 5 4 3 2 00000001 00000020 00000020 00000020 00000020 00000020 00000020 00000000 00000000 00000000 00000000 00000000 00000000 00000000 00000000
896 0 6 5 4 3 00000064 00000020 00000020 00000020 00000020 00000020 00000020 00000000 00000000 00000000 00000000 00000000 00000000 00000000 00000000
900 1 0 6 5 4 00000001 00000021 00000020 00000020 00000020 00000020 00000020 00000000 00000000 00000000 00000000 00000000 00000000 00000000 00000000
904 2 1 0 6 5 00000001 00000021 00000021 00000020 00000020 00000020 00000020 00000000 00000000 00000000 00000000 00000000 00000000 00000000 00000000
908 3 2 1 0 6 00000001 00000021 00000021 00000021 00000020 00000020 00000020 00000000 00000000 00000000 00000000 00000000 00000000 00000000 00000000
912 4 3 2 1 0 00000001 00000021 00000021 00000021 00000021 00000020 00000020 00000000 00000000 00000000 00000000 00000000 00000000 00000000 00000000
916 5 4 3 2 1 00000001 00000021 00000021 00000021 00000021 00000021 00000020 00000000 00000000 00000000 00000000 00000000 00000000 00000000 00000000
920 6 5 4 3 2 00000001 00000021 00000021 00000021 00000021 00000021 00000021 00000000 00000000 00000000 00000000 00000000 00000000 00000000 00000000
924 0 6 5 4 3 00000064 00000021 00000021 00000021 00000021 00000021 00000021 00000000 00000000 00000000 00000000 00000000 00000000 00000000 00000000
928 1 0 6 5 4 00000001 00000022 00000021 00000021 00000021 00000021 00000021 00000000 00000000 00000000 00000000 00000000 00000000 00000000 00000000
932 2 1 0 6 5 00000001 00000022 00000022 00000021 00000021 00000021 00000021 00000000 00000000 00000000 00000000 00000000 00000000 00000000 00000000
936 3 2 1 0 6 00000001 00000022 00000022 00000022 00000021 00000021 00000021 00000000 00000000 00000000 00000000 00000000 00000000 00000000 00000000
940 4 3 2 1 0 00000001 00000022 00000022 00000022 00000022 00000021 00000021 00000000 00000000 00000000 00000000 00000000 00000000 00000000 00000000
944 5 4 3 2 1 00000001 00000022 00000022 00000022 00000022 00000022 00000021 00000000 00000000 00000000 00000000 00000000 00000000 00000000 00000000
948 6 5 4 3 2 00000001 00000022 00000022 00000022 00000022 00000022 00000022 00000000 00000000 00000000 00000000 00000000 00000000 00000000 00000000
952 0 6 5 4 3 00000064 00000022 00000022 00000022 00000022 00000022 00000022 00000000 00000000 00000000 00000000 00000000 00000000 00000000 00000000
956 1 0 6 5 4 00000001 00000023 00000022 00000022 00000022 00000022 00000022 00000000 00000000 00000000 00000000 00000000 00000000 00000000 00000000
960 2 1 0 6 5 00000001 00000023 00000023 00000022 00000022 00000022 00000022 00000000 00000000 00000000 00000000 00000000 00000000 00000000 00000000
964 3 2 1 0 6 00000001 00000023 00000023 00000023 00000022 00000022 00000022 00000000 00000000 00000000 00000000 00000000 00000000 00000000 00000000
968 4 3 2 1 0 00000001 00000023 00000023 00000023 00000023 00000022 00000022 00000000 00000000 00000000 00000000 00000000 00000000 00000000 00000000
972 5 4 3 2 1 00000001 00000023 00000023 00000023 00000023 00000023 00000022 00000000 00000000 00000000 00000000 00000000 00000000 00000000 00000000
976 6 5 4 3 2 00000001 00000023 00000023 00000023 00000023 00000023 00000023 00000000 00000000 00000000 00000000 00000000 00000000 00000000 00000000
980 0 6 5 4 3 00000064 00000023 00000023 00000023 00000023 00000023 00000023 00000000 00000000 00000000 00000000 00000000 00000000 00000000 00000000
984 1 0 6 5 4 00000001 00000024 00000023 00000023 00000023 00000023 00000023 00000000 00000000 00000000 00000000 00000000 00000000 00000000 00000000
988 2 1 0 6 5 00000001 00000024 00000024 00000023 00000023 00000023 00000023 00000000 00000000 00000000 00000000 00000000 00000000 00000000 00000000
992 3 2 1 0 6 00000001 00000024 00000024 00000024 00000023 00000023 00000023 00000000 00000000 00000000 00000000 00000000 00000000 00000000 00000000
996 4 3 2 1 0 00000001 00000024 00000024 00000024 00000024 00000023 00000023 00000000 00000000 00000000 00000000 00000000 00000000 00000000 00000000
1000 5 4 3 2 1 00000001 00000024 00000024 00000024 00000024 00000024 00000023 00000000 00000000 00000000 00000000 00000000 00000000 00000000 00000000
1004 6 5 4 3 2 00000001 00000024 00000024 00000024 00000024 00000024 00000024 00000000 00000000 00000000 00000000 00000000 00000000 00000000 00000000
1008 0 6 5 4 3 00000064 00000024 00000024 00000024 00000024 00000024 00000024 00000000 00000000 00000000 00000000 00000000 00000000 00000000 00000000
1012 1 0 6 5 4 00000001 00000025 00000024 00000024 00000024 00000024 00000024 00000000 00000000 00000000 00000000 00000000 00000000 00000000 00000000
1016 2 1 0 6 5 00000001 00000025 00000025 00000024 00000024 00000024 00000024 00000000 00000000 00000000 00000000 00000000 00000000 00000000 00000000
1020 3 2 1 0 6 00000001 00000025 00000025 00000025 00000024 00000024 00000024 00000000 00000000 00000000 00000000 00000000 00000000 00000000 00000000
1024 4 3 2 1 0 00000001 00000025 00000025 00000025 00000025 00000024 00000024 00000000 00000000 00000000 00000000 00000000 00000000 00000000 00000000
1028 5 4 3 2 1 00000001 00000025 00000025 00000025 00000025 00000025 00000024 00000000 00000000 00000000 00000000 00000000 00000000 00000000 00000000
1032 6 5 4 3 2 00000001 00000025 00000025 00000025 00000025 00000025 00000025 00000000 00000000 00000000 00000000 00000000 00000000 00000000 00000000
1036 0 6 5 4 3 00000064 00000025 00000025 00000025 00000025 00000025 00000025 00000000 00000000 00000000 00000000 00000000 00000000 00000000 00000000
1040 1 0 6 5 4 00000001 00000026 00000025 00000025 00000025 00000025 00000025 00000000 00000000 00000000 00000000 00000000 00000000 00000000 00000000
1044 2 1 0 6 5 00000001 00000026 00000026 00000025 00000025 00000025 00000025 00000000 00000000 00000000 00000000 00000000 00000000 00000000 00000000
1048 3 2 1 0 6 00000001 00000026 00000026 00000026 00000025 00000025 00000025 00000000 00000000 00000000 00000000 00000000 00000000 00000000 00000000
1052 4 3 2 1 0 00000001 00000026 00000026 00000026 00000026 00000025 00000025 00000000 00000000 00000000 00000000 00000000 00000000 00000000 00000000
1056 5 4 3 2 1 00000001 00000026 00000026 00000026 00000026 00000026 00000025 00000000 00000000 00000000 00000000 00000000 00000000 00000000 00000000
1060 6 5 4 3 2 00000001 00000026 00000026 00000026 00000026 00000026 00000026 00000000 00000000 00000000 00000000 00000000 00000000 00000000 00000000
1064 0 6 5 4 3 00000064 00000026 00000026 00000026 00000026 00000026 00000026 00000000 00000000 00000000 00000000 00000000 00000000 00000000 00000000
1068 1 0 6 5 4 00000001 00000027 00000026 00000026 00000026 00000026 00000026 00000000 00000000 00000000 00000000 00000000 00000000 00000000 00000000
1072 2 1 0 6 5 00000001 00000027 00000027 00000026 00000026 00000026 00000026 00000000 00000000 00000000 00000000 00000000 00000000 00000000 00000000
1076 3 2 1 0 6 00000001 00000027 00000027 00000027 00000026 00000026 00000026 00000000 00000000 00000000 00000000 00000000 00000000 00000000 00000000
1080 4 3 2 1 0 00000001 00000027 00000027 00000027 00000027 00000026 00000026 00000000 00000000 00000000 00000000 00000000 00000000 00000000 00000000
1084 5 4 3 2 1 00000001 00000027 00000027 00000027 00000027 00000027 00000026 00000000 00000000 00000000 00000000 00000000 00000000 00000000 00000000
1088 6 5 4 3 2 00000001 00000027 00000027 00000027 00000027 00000027 00000027 00000000 00000000 00000000 00000000 00000000 00000000 00000000 00000000
1092 0 6 5 4 3 00000064 00000027 00000027 00000027 00000027 00000027 00000027 00000000 00000000 00000000 00000000 00000000 00000000 00000000 00000000
1096 1 0 6 5 4 00000001 00000028 00000027 00000027 00000027 00000027 00000027 00000000 00000000 00000000 00000000 00000000 00000000 00000000 00000000
1100 2 1 0 6 5 00000001 00000028 00000028 00000027 00000027 00000027 00000027 00000000 00000000 00000000 00000000 00000000 00000000 00000000 00000000
1104 3 2 1 0 6 00000001 00000028 00000028 00000028 00000027 00000027 00000027 00000000 00000000 00000000 00000000 00000000 00000000 00000000 00000000
1108 4 3 2 1 0 00000001 00000028 00000028 00000028 00000028 00000027 00000027 00000000 00000000 00000000 00000000 00000000 00000000 00000000 00000000
1112 5 4 3 2 1 00000001 00000028 00000028 00000028 00000028 00000028 00000027 00000000 00000000 00000000 00000000 00000000 00000000 00000000 00000000
1116 6 5 4 3 2 00000001 00000028 00000028 00000028 00000028 00000028 00000028 00000000 00000000 00000000 00000000 00000000 00000000 00000000 00000000
1120 0 6 5 4 3 00000064 00000028 00000028 00000028 00000028 00000028 00000028 00000000 00000000 00000000 00000000 00000000 00000000 00000000 00000000
1124 1 0 6 5 4 00000001 00000029 00000028 00000028 00000028 00000028 00000028 00000000 00000000 00000000 00000000 00000000 00000000 00000000 00000000
1128 2 1 0 6 5 00000001 00000029 00000029 00000028 00000028 00000028 00000028 00000000 00000000 00000000 00000000 00000000 00000000 00000000 00000000
1132 3 2 1 0 6 00000001 00000029 00000029 00000029 00000028 00000028 00000028 00000000 00000000 00000000 00000000 00000000 00000000 00000000 00000000
1136 4 3 2 1 0 00000001 00000029 00000029 00000029 00000029 00000028 00000028 00000000 00000000 00000000 00000000 00000000 00000000 00000000 00000000
1140 5 4 3 2 1 00000001 00000029 00000029 00000029 00000029 00000029 00000028 00000000 00000000 00000000 00000000 00000000 00000000 00000000 00000000
1144 6 5 4 3 2 00000001 00000029 00000029 00000029 00000029 00000029 00000029 00000000 00000000 00000000 00000000 00000000 00000000 00000000 00000000
1148 0 6 5 4 3 00000064 00000029 00000029 00000029 00000029 00000029 00000029 00000000 00000000 00000000 00000000 00000000 00000000 00000000 00000000
1152 1 0 6 5 4 00000001 0000002A 00000029 00000029 00000029 00000029 00000029 00000000 00000000 00000000 00000000 00000000 00000000 00000000 00000000
1156 2 1 0 6 5 00000001 0000002A 0000002A 00000029 00000029 00000029 00000029 00000000 00000000 00000000 00000000 00000000 00000000 00000000 00000000
1160 3 2 1 0 6 00000001 0000002A 0000002A 0000002A 00000029 00000029 00000029 00000000 00000000 00000000 00000000 00000000 00000000 00000000 00000000
1164 4 3 2 1 0 00000001 0000002A 0000002A 0000002A 0000002A 00000029 00000029 00000000 00000000 00000000 00000000 00000000 00000000 00000000 00000000
1168 5 4 3 2 1 00000001 0000002A 0000002A 0000002A 0000002A 0000002A 00000029 00000000 00000000 00000000 00000000 00000000 00000000 00000000 00000000
1172 6 5 4 3 2 00000001 0000002A 0000002A 0000002A 0000002A 0000002A 0000002A 00000000 00000000 00000000 00000000 00000000 00000000 00000000 00000000
1176 0 6 5 4 3 00000064 0000002A 0000002A 0000002A 0000002A 0000002A 0000002A 00000000 00000000 00000000 00000000 00000000 00000000 00000000 00000000
1180 1 0 6 5 4 00000001 0000002B 0000002A 0000002A 0000002A 0000002A 0000002A 00000000 00000000 00000000 00000000 00000000 00000000 00000000 00000000
1184 2 1 0 6 5 00000001 0000002B 0000002B 0000002A 0000002A 0000002A 0000002A 00000000 00000000 00000000 00000000 00000000 00000000 00000000 00000000
1188 3 2 1 0 6 00000001 0000002B 0000002B 0000002B 0000002A 0000002A 0000002A 00000000 00000000 00000000 00000000 00000000 00000000 00000000 00000000
1192 4 3 2 1 0 00000001 0000002B 0000002B 0000002B 0000002B 0000002A 0000002A 00000000 00000000 00000000 00000000 00000000 00000000 00000000 00000000
1196 5 4 3 2 1 00000001 0000002B 0000002B 0000002B 0000002B 0000002B 0000002A 00000000 00000000 00000000 00000000 00000000 00000000 00000000 00000000
1200 6 5 4 3 2 00000001 0000002B 0000002B 0000002B 0000002B 0000002B 0000002B 00000000 00000000 00000000 00000000 00000000 00000000 00000000 00000000
1204 0 6 5 4 3 00000064 0000002B 0000002B 0000002B 0000002B 0000002B 0000002B 00000000 00000000 00000000 00000000 00000000 00000000 00000000 00000000
1208 1 0 6 5 4 00000001 0000002C 0000002B 0000002B 0000002B 0000002B 0000002B 00000000 00000000 00000000 00000000 00000000 00000000 00000000 00000000
1212 2 1 0 6 5 00000001 0000002C 0000002C 0000002B 0000002B 0000002B 0000002B 00000000 00000000 00000000 00000000 00000000 00000000 00000000 00000000
1216 3 2 1 0 6 00000001 0000002C 0000002C 0000002C 0000002B 0000002B 0000002B 00000000 00000000 00000000 00000000 00000000 00000000 00000000 00000000
1220 4 3 2 1 0 00000001 0000002C 0000002C 0000002C 0000002C 0000002B 0000002B 00000000 00000000 00000000 00000000 00000000 00000000 00000000 00000000
1224 5 4 3 2 1 00000001 0000002C 0000002C 0000002C 0000002C 0000002C 0000002B 00000000 00000000 00000000 00000000 00000000 00000000 00000000 00000000
1228 6 5 4 3 2 00000001 0000002C 0000002C 0000002C 0000002C 0000002C 0000002C 00000000 00000000 00000000 00000000 00000000 00000000 00000000 00000000
1232 0 6 5 4 3 00000064 0000002C 0000002C 0000002C 0000002C 0000002C 0000002C 00000000 00000000 00000000 00000000 00000000 00000000 00000000 00000000
1236 1 0 6 5 4 00000001 0000002D 0000002C 0000002C 0000002C 0000002C 0000002C 00000000 00000000 00000000 00000000 00000000 00000000 00000000 00000000
1240 2 1 0 6 5 00000001 0000002D 0000002D 0000002C 0000002C 0000002C 0000002C 00000000 00000000 00000000 00000000 00000000 00000000 00000000 00000000
1244 3 2 1 0 6 00000001 0000002D 0000002D 0000002D 0000002C 0000002C 0000002C 00000000 00000000 00000000 00000000 00000000 00000000 00000000 00000000
1248 4 3 2 1 0 00000001 0000002D 0000002D 0000002D 0000002D 0000002C 0000002C 00000000 00000000 00000000 00000000 00000000 00000000 00000000 00000000
1252 5 4 3 2 1 00000001 0000002D 0000002D 0000002D 0000002D 0000002D 0000002C 00000000 00000000 00000000 00000000 00000000 00000000 00000000 00000000
1256 6 5 4 3 2 00000001 0000002D 0000002D 0000002D 0000002D 0000002D 0000002D 00000000 00000000 00000000 00000000 00000000 00000000 00000000 00000000
1260 0 6 5 4 3 00000064 0000002D 0000002D 0000002D 0000002D 0000002D 0000002D 00000000 00000000 00000000 00000000 00000000 00000000 00000000 00000000
1264 1 0 6 5 4 00000001 0000002E 0000002D 0000002D 0000002D 0000002D 0000002D 00000000 00000000 00000000 00000000 00000000 00000000 00000000 00000000
1268 2 1 0 6 5 00000001 0000002E 0000002E 0000002D 0000002D 0000002D 0000002D 00000000 00000000 00000000 00000000 00000000 00000000 00000000 00000000
1272 3 2 1 0 6 00000001 0000002E 0000002E 0000002E 0000002D 0000002D 0000002D 00000000 00000000 00000000 00000000 00000000 00000000 00000000 00000000
1276 4 3 2 1 0 00000001 0000002E 0000002E 0000002E 0000002E 0000002D 0000002D 00000000 00000000 00000000 00000000 00000000 00000000 00000000 00000000
1280 5 4 3 2 1 00000001 0000002E 0000002E 0000002E 0000002E 0000002E 0000002D 00000000 00000000 00000000 00000000 00000000 00000000 00000000 00000000
1284 6 5 4 3 2 00000001 0000002E 0000002E 0000002E 0000002E 0000002E 0000002E 00000000 00000000 00000000 00000000 00000000 00000000 00000000 00000000
1288 0 6 5 4 3 00000064 0000002E 0000002E 0000002E 0000002E 0000002E 0000002E 00000000 00000000 00000000 00000000 00000000 00000000 00000000 00000000
1292 1 0 6 5 4 00000001 0000002F 0000002E 0000002E 0000002E 0000002E 0000002E 00000000 00000000 00000000 00000000 00000000 00000000 00000000 00000000
1296 2 1 0 6 5 00000001 0000002F 0000002F 0000002E 0000002E 0000002E 0000002E 00000000 00000000 00000000 00000000 00000000 00000000 00000000 00000000
1300 3 2 1 0 6 00000001 0000002F 0000002F 0000002F 0000002E 0000002E 0000002E 00000000 00000000 00000000 00000000 00000000 00000000 00000000 00000000
1304 4 3 2 1 0 00000001 0000002F 0000002F 0000002F 0000002F 0000002E 0000002E 00000000 00000000 00000000 00000000 00000000 00000000 00000000 00000000
1308 5 4 3 2 1 00000001 0000002F 0000002F 0000002F 0000002F 0000002F 0000002E 00000000 00000000 00000000 00000000 00000000 00000000 00000000 00000000
1312 6 5 4 3 2 00000001 0000002F 0000002F 0000002F 0000002F 0000002F 0000002F 00000000 00000000 00000000 00000000 00000000 00000000 00000000 00000000
1316 0 6 5 4 3 00000064 0000002F 0000002F 0000002F 0000002F 0000002F 0000002F 00000000 00000000 00000000 00000000 00000000 00000000 00000000 00000000
1320 1 0 6 5 4 00000001 00000030 0000002F 0000002F 0000002F 0000002F 0000002F 00000000 00000000 00000000 00000000 00000000 00000000 00000000 00000000
1324 2 1 0 6 5 00000001 00000030 00000030 0000002F 0000002F 0000002F 0000002F 00000000 00000000 00000000 00000000 00000000 00000000 00000000 00000000
1328 3 2 1 0 6 00000001 00000030 00000030 00000030 0000002F 0000002F 0000002F 00000000 00000000 00000000 00000000 00000000 00000000 00000000 00000000
1332 4 3 2 1 0 00000001 00000030 00000030 00000030 00000030 0000002F 0000002F 00000000 00000000 00000000 00000000 00000000 00000000 00000000 00000000
1336 5 4 3 2 1 00000001 00000030 00000030 00000030 00000030 00000030 0000002F 00000000 00000000 00000000 00000000 00000000 00000000 00000000 00000000
1340 6 5 4 3 2 00000001 00000030 00000030 00000030 00000030 00000030 00000030 00000000 00000000 00000000 00000000 00000000 00000000 00000000 00000000
1344 0 6 5 4 3 00000064 00000030 00000030 00000030 00000030 00000030 00000030 00000000 00000000 00000000 00000000 00000000 00000000 00000000 00000000
1348 1 0 6 5 4 00000001 00000031 00000030 00000030 00000030 00000030 00000030 00000000 00000000 00000000 00000000 00000000 00000000 00000000 00000000
1352 2 1 0 6 5 00000001 00000031 00000031 00000030 00000030 00000030 00000030 00000000 00000000 00000000 00000000 00000000 00000000 00000000 00000000
1356 3 2 1 0 6 00000001 00000031 00000031 00000031 00000030 00000030 00000030 00000000 00000000 00000000 00000000 00000000 00000000 00000000 00000000
1360 4 3 2 1 0 00000001 00000031 00000031 00000031 00000031 00000030 00000030 00000000 00000000 00000000 00000000 00000000 00000000 00000000 00000000
1364 5 4 3 2 1 00000001 00000031 00000031 00000031 00000031 00000031 00000030 00000000 00000000 00000000 00000000 00000000 00000000 00000000 00000000
1368 6 5 4 3 2 00000001 00000031 00000031 00000031 00000031 00000031 00000031 00000000 00000000 00000000 00000000 00000000 00000000 00000000 00000000
1372 0 6 5 4 3 00000064 00000031 00000031 00000031 00000031 00000031 00000031 00000000 00000000 00000000 00000000 00000000 00000000 00000000 00000000
1376 1 0 6 5 4 00000001 00000032 00000031 00000031 00000031 00000031 00000031 00000000 00000000 00000000 00000000 00000000 00000000 00000000 00000000
1380 2 1 0 6 5 00000001 00000032 00000032 00000031 00000031 00000031 00000031 00000000 00000000 00000000 00000000 00000000 00000000 00000000 00000000
1384 3 2 1 0 6 00000001 00000032 00000032 00000032 00000031 00000031 00000031 00000000 00000000 00000000 00000000 00000000 00000000 00000000 00000000
1388 4 3 2 1 0 00000001 00000032 00000032 00000032 00000032 00000031 00000031 00000000 00000000 00000000 00000000 00000000 00000000 00000000 00000000
1392 5 4 3 2 1 00000001 00000032 00000032 00000032 00000032 00000032 00000031 00000000 00000000 00000000 00000000 00000000 00000000 00000000 00000000
1396 6 5 4 3 2 00000001 00000032 00000032 00000032 00000032 00000032 00000032 00000000 00000000 00000000 00000000 00000000 00000000 00000000 00000000
1400 0 6 5 4 3 00000064 00000032 00000032 00000032 00000032 00000032 00000032 00000000 00000000 00000000 00000000 00000000 00000000 00000000 00000000
1404 1 0 6 5 4 00000001 00000033 00000032 00000032 00000032 00000032 00000032 00000000 00000000 00000000 00000000 00000000 00000000 00000000 00000000
1408 2 1 0 6 5 00000001 00000033 00000033 00000032 00000032 00000032 00000032 00000000 00000000 00000000 00000000 00000000 00000000 00000000 00000000
1412 3 2 1 0 6 00000001 00000033 00000033 00000033 00000032 00000032 00000032 00000000 00000000 00000000 00000000 00000000 00000000 00000000 00000000
1416 4 3 2 1 0 00000001 00000033 00000033 00000033 00000033 00000032 00000032 00000000 00000000 00000000 00000000 00000000 00000000 00000000 00000000
1420 5 4 3 2 1 00000001 00000033 00000033 00000033 00000033 00000033 00000032 00000000 00000000 00000000 00000000 00000000 00000000 00000000 00000000
1424 6 5 4 3 2 00000001 00000033 00000033 00000033 00000033 00000033 00000033 00000000 00000000 00000000 00000000 00000000 00000000 00000000 00000000
1428 0 6 5 4 3 00000064 00000033 00000033 00000033 00000033 00000033 00000033 00000000 00000000 00000000 00000000 00000000 00000000 00000000 00000000
1432 1 0 6 5 4 00000001 00000034 00000033 00000033 00000033 00000033 00000033 00000000 00000000 00000000 00000000 00000000 00000000 00000000 00000000
1436 2 1 0 6 5 00000001 00000034 00000034 00000033 00000033 00000033 00000033 00000000 00000000 00000000 00000000 00000000 00000000 00000000 00000000
1440 3 2 1 0 6 00000001 00000034 00000034 00000034 00000033 00000033 00000033 00000000 00000000 00000000 00000000 00000000 00000000 00000000 00000000
1444 4 3 2 1 0 00000001 00000034 00000034 00000034 00000034 00000033 00000033 00000000 00000000 00000000 00000000 00000000 00000000 00000000 00000000
1448 5 4 3 2 1 00000001 00000034 00000034 00000034 00000034 00000034 00000033 00000000 00000000 00000000 00000000 00000000 00000000 00000000 00000000
1452 6 5 4 3 2 00000001 00000034 00000034 00000034 00000034 00000034 00000034 00000000 00000000 00000000 00000000 00000000 00000000 00000000 00000000
1456 0 6 5 4 3 00000064 00000034 00000034 00000034 00000034 00000034 00000034 00000000 00000000 00000000 00000000 00000000 00000000 00000000 00000000
1460 1 0 6 5 4 00000001 00000035 00000034 00000034 00000034 00000034 00000034 00000000 00000000 00000000 00000000 00000000 00000000 00000000 00000000
1464 2 1 0 6 5 00000001 00000035 00000035 00000034 00000034 00000034 00000034 00000000 00000000 00000000 00000000 00000000 00000000 00000000 00000000
1468 3 2 1 0 6 00000001 00000035 00000035 00000035 00000034 00000034 00000034 00000000 00000000 00000000 00000000 00000000 00000000 00000000 00000000
1472 4 3 2 1 0 00000001 00000035 00000035 00000035 00000035 00000034 00000034 00000000 00000000 00000000 00000000 00000000 00000000 00000000 00000000
1476 5 4 3 2 1 00000001 00000035 00000035 00000035 00000035 00000035 00000034 00000000 00000000 00000000 00000000 00000000 00000000 00000000 00000000
1480 6 5 4 3 2 00000001 00000035 00000035 00000035 00000035 00000035 00000035 00000000 00000000 00000000 00000000 00000000 00000000 00000000 00000000
1484 0 6 5 4 3 00000064 00000035 00000035 00000035 00000035 00000035 00000035 00000000 00000000 00000000 00000000 00000000 00000000 00000000 00000000
1488 1 0 6 5 4 00000001 00000036 00000035 00000035 00000035 00000035 00000035 00000000 00000000 00000000 00000000 00000000 00000000 00000000 00000000
1492 2 1 0 6 5 00000001 00000036 00000036 00000035 00000035 00000035 00000035 00000000 00000000 00000000 00000000 00000000 00000000 00000000 00000000
1496 3 2 1 0 6 00000001 00000036 00000036 00000036 00000035 00000035 00000035 00000000 00000000 00000000 00000000 00000000 00000000 00000000 00000000
1500 4 3 2 1 0 00000001 00000036 00000036 00000036 00000036 00000035 00000035 00000000 00000000 00000000 00000000 00000000 00000000 00000000 00000000
1504 5 4 3 2 1 00000001 00000036 00000036 00000036 00000036 00000036 00000035 00000000 00000000 00000000 00000000 00000000 00000000 00000000 00000000
1508 6 5 4 3 2 00000001 00000036 00000036 00000036 00000036 00000036 00000036 00000000 00000000 00000000 00000000 00000000 00000000 00000000 00000000
1512 0 6 5 4 3 00000064 00000036 00000036 00000036 00000036 00000036 00000036 00000000 00000000 00000000 00000000 00000000 00000000 00000000 00000000
1516 1 0 6 5 4 00000001 00000037 00000036 00000036 00000036 00000036 00000036 00000000 00000000 00000000 00000000 00000000 00000000 00000000 00000000
1520 2 1 0 6 5 00000001 00000037 00000037 00000036 00000036 00000036 00000036 00000000 00000000 00000000 00000000 00000000 00000000 00000000 00000000
1524 3 2 1 0 6 00000001 00000037 00000037 00000037 00000036 00000036 00000036 00000000 00000000 00000000 00000000 00000000 00000000 00000000 00000000
1528 4 3 2 1 0 00000001 00000037 00000037 00000037 00000037 00000036 00000036 00000000 00000000 00000000 00000000 00000000 00000000 00000000 00000000
1532 5 4 3 2 1 00000001 00000037 00000037 00000037 00000037 00000037 00000036 00000000 00000000 00000000 00000000 00000000 00000000 00000000 00000000
15