0 000 --- --- --- --- 00000000 00000000 00000000 00000000 00000000 00000000 00000000 00000000 00000000 00000000 00000000 00000000 00000000 00000000 00000000
1 001 000 --- --- --- 00000001 00000001 00000000 00000000 00000000 00000000 00000000 00000000 00000000 00000000 00000000 00000000 00000000 00000000 00000000
2 002 001 000 --- --- 00000001 00000001 00000001 00000000 00000000 00000000 00000000 00000000 00000000 00000000 00000000 00000000 00000000 00000000 00000000
3 003 002 001 000 --- 00000001 00000001 00000001 00000001 00000000 00000000 00000000 00000000 00000000 00000000 00000000 00000000 00000000 00000000 00000000
4 000 003 002 001 000 00000064 00000001 00000001 00000001 00000000 00000000 00000000 00000000 00000000 00000000 00000000 00000000 00000000 00000000 00000000
5 001 000 003 002 001 00000001 00000002 00000001 00000001 00000000 00000000 00000000 00000000 00000000 00000000 00000000 00000000 00000000 00000000 00000000
6 002 001 000 003 002 00000001 00000002 00000002 00000001 00000000 00000000 00000000 00000000 00000000 00000000 00000000 00000000 00000000 00000000 00000000
7 003 002 001 000 003 00000001 00000002 00000002 00000002 00000000 00000000 00000000 00000000 00000000 00000000 00000000 00000000 00000000 00000000 00000000
8 000 003 002 001 000 00000064 00000002 00000002 00000002 00000000 00000000 00000000 00000000 00000000 00000000 00000000 00000000 00000000 00000000 00000000
9 001 000 003 002 001 00000001 00000003 00000002 00000002 00000000 00000000 00000000 00000000 00000000 00000000 00000000 00000000 00000000 00000000 00000000
10 002 001 000 003 002 00000001 00000003 00000003 00000002 00000000 00000000 00000000 00000000 00000000 00000000 00000000 00000000 00000000 00000000 00000000
11 003 002 001 000 003 00000001 00000003 00000003 00000003 00000000 00000000 00000000 00000000 00000000 00000000 00000000 00000000 00000000 00000000 00000000
12 000 003 002 001 000 00000064 00000003 00000003 00000003 00000000 00000000 00000000 00000000 00000000 00000000 00000000 00000000 00000000 00000000 00000000
13 001 000 003 002 001 00000001 00000004 00000003 00000003 00000000 00000000 00000000 00000000 00000000 00000000 00000000 00000000 00000000 00000000 00000000
14 002 001 000 003 002 00000001 00000004 00000004 00000003 00000000 00000000 00000000 00000000 00000000 00000000 00000000 00000000 00000000 00000000 00000000
15 003 002 001 000 003 00000001 00000004 00000004 00000004 00000000 00000000 00000000 00000000 00000000 00000000 00000000 00000000 00000000 00000000 00000000
16 000 003 002 001 000 00000064 00000004 00000004 00000004 00000000 00000000 00000000 00000000 00000000 00000000 00000000 00000000 00000000 00000000 00000000
17 001 000 003 002 001 00000001 00000005 00000004 00000004 00000000 00000000 00000000 00000000 00000000 00000000 00000000 00000000 00000000 00000000 00000000
18 002 001 000 003 002 00000001 00000005 00000005 00000004 00000000 00000000 00000000 00000000 00000000 00000000 00000000 00000000 00000000 00000000 00000000
19 003 002 001 000 003 00000001 00000005 00000005 00000005 00000000 00000000 00000000 00000000 00000000 00000000 00000000 00000000 00000000 00000000 00000000
20 000 003 002 001 000 00000064 00000005 00000005 00000005 00000000 00000000 00000000 00000000 00000000 00000000 00000000 00000000 00000000 00000000 00000000
21 001 000 003 002 001 00000001 00000006 00000005 00000005 00000000 00000000 00000000 00000000 00000000 00000000 00000000 00000000 00000000 00000000 00000000
22 002 001 000 003 002 00000001 00000006 00000006 00000005 00000000 00000000 00000000 00000000 00000000 00000000 00000000 00000000 00000000 00000000 00000000
23 003 002 001 000 003 00000001 00000006 00000006 00000006 00000000 00000000 00000000 00000000 00000000 00000000 00000000 00000000 00000000 00000000 00000000
24 000 003 002 001 000 00000064 00000006 00000006 00000006 00000000 00000000 00000000 00000000 00000000 00000000 00000000 00000000 00000000 00000000 00000000
25 001 000 003 002 001 00000001 00000007 00000006 00000006 00000000 00000000 00000000 00000000 00000000 00000000 00000000 00000000 00000000 00000000 00000000
26 002 001 000 003 002 00000001 00000007 00000007 00000006 00000000 00000000 00000000 00000000 00000000 00000000 00000000 00000000 00000000 00000000 00000000
27 003 002 001 000 003 00000001 00000007 00000007 00000007 00000000 00000000 00000000 00000000 00000000 00000000 00000000 00000000 00000000 00000000 00000000
28 000 003 002 001 000 00000064 00000007 00000007 00000007 00000000 00000000 00000000 00000000 00000000 00000000 00000000 00000000 00000000 00000000 00000000
29 001 000 003 002 001 00000001 00000008 00000007 00000007 00000000 00000000 00000000 00000000 00000000 00000000 00000000 00000000 00000000 00000000 00000000
30 002 001 000 003 002 00000001 00000008 00000008 00000007 00000000 00000000 00000000 00000000 00000000 00000000 00000000 00000000 00000000 00000000 00000000
31 003 002 001 000 003 00000001 00000008 00000008 00000008 00000000 00000000 00000000 00000000 00000000 00000000 00000000 00000000 00000000 00000000 00000000
32 000 003 002 001 000 00000064 00000008 00000008 00000008 00000000 00000000 00000000 00000000 00000000 00000000 00000000 00000000 00000000 00000000 00000000
33 001 000 003 002 001 00000001 00000009 00000008 00000008 00000000 00000000 00000000 00000000 00000000 00000000 00000000 00000000 00000000 00000000 00000000
34 002 001 000 003 002 00000001 00000009 00000009 00000008 00000000 00000000 00000000 00000000 00000000 00000000 00000000 00000000 00000000 00000000 00000000
35 003 002 001 000 003 00000001 00000009 00000009 00000009 00000000 00000000 00000000 00000000 00000000 00000000 00000000 00000000 00000000 00000000 00000000
36 000 003 002 001 000 00000064 00000009 00000009 00000009 00000000 00000000 00000000 00000000 00000000 00000000 00000000 00000000 00000000 00000000 00000000
37 001 000 003 002 001 00000001 0000000A 00000009 00000009 00000000 00000000 00000000 00000000 00000000 00000000 00000000 00000000 00000000 00000000 00000000
38 002 001 000 003 002 00000001 0000000A 0000000A 00000009 00000000 00000000 00000000 00000000 00000000 00000000 00000000 00000000 00000000 00000000 00000000
39 003 002 001 000 003 00000001 0000000A 0000000A 0000000A 00000000 00000000 00000000 00000000 00000000 00000000 00000000 00000000 00000000 00000000 00000000
40 000 003 002 001 000 00000064 0000000A 0000000A 0000000A 00000000 00000000 00000000 00000000 00000000 00000000 00000000 00000000 00000000 00000000 00000000
41 001 000 003 002 001 00000001 0000000B 0000000A 0000000A 00000000 00000000 00000000 00000000 00000000 00000000 00000000 00000000 00000000 00000000 00000000
42 002 001 000 003 002 00000001 0000000B 0000000B 0000000A 00000000 00000000 00000000 00000000 00000000 00000000 00000000 00000000 00000000 00000000 00000000
43 003 002 001 000 003 00000001 0000000B 0000000B 0000000B 00000000 00000000 00000000 00000000 00000000 00000000 00000000 00000000 00000000 00000000 00000000
44 000 003 002 001 000 00000064 0000000B 0000000B 0000000B 00000000 00000000 00000000 00000000 00000000 00000000 00000000 00000000 00000000 00000000 00000000
45 001 000 003 002 001 00000001 0000000C 0000000B 0000000B 00000000 00000000 00000000 00000000 00000000 00000000 00000000 00000000 00000000 00000000 00000000
46 002 001 000 003 002 00000001 0000000C 0000000C 0000000B 00000000 00000000 00000000 00000000 00000000 00000000 00000000 00000000 00000000 00000000 00000000
47 003 002 001 000 003 00000001 0000000C 0000000C 0000000C 00000000 00000000 00000000 00000000 00000000 00000000 00000000 00000000 00000000 00000000 00000000
48 000 003 002 001 000 00000064 0000000C 0000000C 0000000C 00000000 00000000 00000000 00000000 00000000 00000000 00000000 00000000 00000000 00000000 00000000
49 001 000 003 002 001 00000001 0000000D 0000000C 0000000C 00000000 00000000 00000000 00000000 00000000 00000000 00000000 00000000 00000000 00000000 00000000
50 002 001 000 003 002 00000001 0000000D 0000000D 0000000C 00000000 00000000 00000000 00000000 00000000 00000000 00000000 00000000 00000000 00000000 00000000
51 003 002 001 000 003 00000001 0000000D 0000000D 0000000D 00000000 00000000 00000000 00000000 00000000 00000000 00000000 00000000 00000000 00000000 00000000
52 000 003 002 001 000 00000064 0000000D 0000000D 0000000D 00000000 00000000 00000000 00000000 00000000 00000000 00000000 00000000 00000000 00000000 00000000
53 001 000 003 002 001 00000001 0000000E 0000000D 0000000D 00000000 00000000 00000000 00000000 00000000 00000000 00000000 00000000 00000000 00000000 00000000
54 002 001 000 003 002 00000001 0000000E 0000000E 0000000D 00000000 00000000 00000000 00000000 00000000 00000000 00000000 00000000 00000000 00000000 00000000
55 003 002 001 000 003 00000001 0000000E 0000000E 0000000E 00000000 00000000 00000000 00000000 00000000 00000000 00000000 00000000 00000000 00000000 00000000
56 000 003 002 001 000 00000064 0000000E 0000000E 0000000E 00000000 00000000 00000000 00000000 00000000 00000000 00000000 00000000 00000000 00000000 00000000
57 001 000 003 002 001 00000001 0000000F 0000000E 0000000E 00000000 00000000 00000000 00000000 00000000 00000000 00000000 00000000 00000000 00000000 00000000
58 002 001 000 003 002 00000001 0000000F 0000000F 0000000E 00000000 00000000 00000000 00000000 00000000 00000000 00000000 00000000 00000000 00000000 00000000
59 003 002 001 000 003 00000001 0000000F 0000000F 0000000F 00000000 00000000 00000000 00000000 00000000 00000000 00000000 00000000 00000000 00000000 00000000
60 000 003 002 001 000 00000064 0000000F 0000000F 0000000F 00000000 00000000 00000000 00000000 00000000 00000000 00000000 00000000 00000000 00000000 00000000
61 001 000 003 002 001 00000001 00000010 0000000F 0000000F 00000000 00000000 00000000 00000000 00000000 00000000 00000000 00000000 00000000 00000000 00000000
62 002 001 000 003 002 00000001 00000010 00000010 0000000F 00000000 00000000 00000000 00000000 00000000 00000000 00000000 00000000 00000000 00000000 00000000
63 003 002 001 000 003 00000001 00000010 00000010 00000010 00000000 00000000 00000000 00000000 00000000 00000000 00000000 00000000 00000000 00000000 00000000
64 000 003 002 001 000 00000064 00000010 00000010 00000010 00000000 00000000 00000000 00000000 00000000 00000000 00000000 00000000 00000000 00000000 00000000
65 001 000 003 002 001 00000001 00000011 00000010 00000010 00000000 00000000 00000000 00000000 00000000 00000000 00000000 00000000 00000000 00000000 00000000
66 002 001 000 003 002 00000001 00000011 00000011 00000010 00000000 00000000 00000000 00000000 00000000 00000000 00000000 00000000 00000000 00000000 00000000
67 003 002 001 000 003 00000001 00000011 00000011 00000011 00000000 00000000 00000000 00000000 00000000 00000000 00000000 00000000 00000000 00000000 00000000
68 000 003 002 001 000 00000064 00000011 00000011 00000011 00000000 00000000 00000000 00000000 00000000 00000000 00000000 00000000 00000000 00000000 00000000
69 001 000 003 002 001 00000001 00000012 00000011 00000011 00000000 00000000 00000000 00000000 00000000 00000000 00000000 00000000 00000000 00000000 00000000
70 002 001 000 003 002 00000001 00000012 00000012 00000011 00000000 00000000 00000000 00000000 00000000 00000000 00000000 00000000 00000000 00000000 00000000
71 003 002 001 000 003 00000001 00000012 00000012 00000012 00000000 00000000 00000000 00000000 00000000 00000000 00000000 00000000 00000000 00000000 00000000
72 000 003 002 001 000 00000064 00000012 00000012 00000012 00000000 00000000 00000000 00000000 00000000 00000000 00000000 00000000 00000000 00000000 00000000
73 001 000 003 002 001 00000001 00000013 00000012 00000012 00000000 00000000 00000000 00000000 00000000 00000000 00000000 00000000 00000000 00000000 00000000
74 002 001 000 003 002 00000001 00000013 00000013 00000012 00000000 00000000 00000000 00000000 00000000 00000000 00000000 00000000 00000000 00000000 00000000
75 003 002 001 000 003 00000001 00000013 00000013 00000013 00000000 00000000 00000000 00000000 00000000 00000000 00000000 00000000 00000000 00000000 00000000
76 000 003 002 001 000 00000064 00000013 00000013 00000013 00000000 00000000 00000000 00000000 00000000 00000000 00000000 00000000 00000000 00000000 00000000
77 001 000 003 002 001 00000001 00000014 00000013 00000013 00000000 00000000 00000000 00000000 00000000 00000000 00000000 00000000 00000000 00000000 00000000
78 002 001 000 003 002 00000001 00000014 00000014 00000013 00000000 00000000 00000000 00000000 00000000 00000000 00000000 00000000 00000000 00000000 00000000
79 003 002 001 000 003 00000001 00000014 00000014 00000014 00000000 00000000 00000000 00000000 00000000 00000000 00000000 00000000 00000000 00000000 00000000
80 000 003 002 001 000 00000064 00000014 00000014 00000014 00000000 00000000 00000000 00000000 00000000 00000000 00000000 00000000 00000000 00000000 00000000
81 001 000 003 002 001 00000001 00000015 00000014 00000014 00000000 00000000 00000000 00000000 00000000 00000000 00000000 00000000 00000000 00000000 00000000
82 002 001 000 003 002 00000001 00000015 00000015 00000014 00000000 00000000 00000000 00000000 00000000 00000000 00000000 00000000 00000000 00000000 00000000
83 003 002 001 000 003 00000001 00000015 00000015 00000015 00000000 00000000 00000000 00000000 00000000 00000000 00000000 00000000 00000000 00000000 00000000
84 000 003 002 001 000 00000064 00000015 00000015 00000015 00000000 00000000 00000000 00000000 00000000 00000000 00000000 00000000 00000000 00000000 00000000
85 001 000 003 002 001 00000001 00000016 00000015 00000015 00000000 00000000 00000000 00000000 00000000 00000000 00000000 00000000 00000000 00000000 00000000
86 002 001 000 003 002 00000001 00000016 00000016 00000015 00000000 00000000 00000000 00000000 00000000 00000000 00000000 00000000 00000000 00000000 00000000
87 003 002 001 000 003 00000001 00000016 00000016 00000016 00000000 00000000 00000000 00000000 00000000 00000000 00000000 00000000 00000000 00000000 00000000
88 000 003 002 001 000 00000064 00000016 00000016 00000016 00000000 00000000 00000000 00000000 00000000 00000000 00000000 00000000 00000000 00000000 00000000
89 001 000 003 002 001 00000001 00000017 00000016 00000016 00000000 00000000 00000000 00000000 00000000 00000000 00000000 00000000 00000000 00000000 00000000
90 002 001 000 003 002 00000001 00000017 00000017 00000016 00000000 00000000 00000000 00000000 00000000 00000000 00000000 00000000 00000000 00000000 00000000
91 003 002 001 000 003 00000001 00000017 00000017 00000017 00000000 00000000 00000000 00000000 00000000 00000000 00000000 00000000 00000000 00000000 00000000
92 000 003 002 001 000 00000064 00000017 00000017 00000017 00000000 00000000 00000000 00000000 00000000 00000000 00000000 00000000 00000000 00000000 00000000
93 001 000 003 002 001 00000001 00000018 00000017 00000017 00000000 00000000 00000000 00000000 00000000 00000000 00000000 00000000 00000000 00000000 00000000
94 002 001 000 003 002 00000001 00000018 00000018 00000017 00000000 00000000 00000000 00000000 00000000 00000000 00000000 00000000 00000000 00000000 00000000
95 003 002 001 000 003 00000001 00000018 00000018 00000018 00000000 00000000 00000000 00000000 00000000 00000000 00000000 00000000 00000000 00000000 00000000
96 000 003 002 001 000 00000064 00000018 00000018 00000018 00000000 00000000 00000000 00000000 00000000 00000000 00000000 00000000 00000000 00000000 00000000
97 001 000 003 002 001 00000001 00000019 00000018 00000018 00000000 00000000 00000000 00000000 00000000 00000000 00000000 00000000 00000000 00000000 00000000
98 002 001 000 003 002 00000001 00000019 00000019 00000018 00000000 00000000 00000000 00000000 00000000 00000000 00000000 00000000 00000000 00000000 00000000
99 003 002 001 000 003 00000001 00000019 00000019 00000019 00000000 00000000 00000000 00000000 00000000 00000000 00000000 00000000 00000000 00000000 00000000
100 000 003 002 001 000 00000064 00000019 00000019 00000019 00000000 00000000 00000000 00000000 00000000 00000000 00000000 00000000 00000000 00000000 00000000
101 001 000 003 002 001 00000001 0000001A 00000019 00000019 00000000 00000000 00000000 00000000 00000000 00000000 00000000 00000000 00000000 00000000 00000000
102 002 001 000 003 002 00000001 0000001A 0000001A 00000019 00000000 00000000 00000000 00000000 00000000 00000000 00000000 00000000 00000000 00000000 00000000
103 003 002 001 000 003 00000001 0000001A 0000001A 0000001A 00000000 00000000 00000000 00000000 00000000 00000000 00000000 00000000 00000000 00000000 00000000
104 000 003 002 001 000 00000064 0000001A 0000001A 0000001A 00000000 00000000 00000000 00000000 00000000 00000000 00000000 00000000 00000000 00000000 00000000
105 001 000 003 002 001 00000001 0000001B 0000001A 0000001A 00000000 00000000 00000000 00000000 00000000 00000000 00000000 00000000 00000000 00000000 00000000
106 002 001 000 003 002 00000001 0000001B 0000001B 0000001A 00000000 00000000 00000000 00000000 00000000 00000000 00000000 00000000 00000000 00000000 00000000
107 003 002 001 000 003 00000001 0000001B 0000001B 0000001B 00000000 00000000 00000000 00000000 00000000 00000000 00000000 00000000 00000000 00000000 00000000
108 000 003 002 001 000 00000064 0000001B 0000001B 0000001B 00000000 00000000 00000000 00000000 00000000 00000000 00000000 00000000 00000000 00000000 00000000
109 001 000 003 002 001 00000001 0000001C 0000001B 0000001B 00000000 00000000 00000000 00000000 00000000 00000000 00000000 00000000 00000000 00000000 00000000
110 002 001 000 003 002 00000001 0000001C 0000001C 0000001B 00000000 00000000 00000000 00000000 00000000 00000000 00000000 00000000 00000000 00000000 00000000
111 003 002 001 000 003 00000001 0000001C 0000001C 0000001C 00000000 00000000 00000000 00000000 00000000 00000000 00000000 00000000 00000000 00000000 00000000
112 000 003 002 001 000 00000064 0000001C 0000001C 0000001C 00000000 00000000 00000000 00000000 00000000 00000000 00000000 00000000 00000000 00000000 00000000
113 001 000 003 002 001 00000001 0000001D 0000001C 0000001C 00000000 00000000 00000000 00000000 00000000 00000000 00000000 00000000 00000000 00000000 00000000
114 002 001 000 003 002 00000001 0000001D 0000001D 0000001C 00000000 00000000 00000000 00000000 00000000 00000000 00000000 00000000 00000000 00000000 00000000
115 003 002 001 000 003 00000001 0000001D 0000001D 0000001D 00000000 00000000 00000000 00000000 00000000 00000000 00000000 00000000 00000000 00000000 00000000
116 000 003 002 001 000 00000064 0000001D 0000001D 0000001D 00000000 00000000 00000000 00000000 00000000 00000000 00000000 00000000 00000000 00000000 00000000
117 001 000 003 002 001 00000001 0000001E 0000001D 0000001D 00000000 00000000 00000000 00000000 00000000 00000000 00000000 00000000 00000000 00000000 00000000
118 002 001 000 003 002 00000001 0000001E 0000001E 0000001D 00000000 00000000 00000000 00000000 00000000 00000000 00000000 00000000 00000000 00000000 00000000
119 003 002 001 000 003 00000001 0000001E 0000001E 0000001E 00000000 00000000 00000000 00000000 00000000 00000000 00000000 00000000 00000000 00000000 00000000
120 000 003 002 001 000 00000064 0000001E 0000001E 0000001E 00000000 00000000 00000000 00000000 00000000 00000000 00000000 00000000 00000000 00000000 00000000
121 001 000 003 002 001 00000001 0000001F 0000001E 0000001E 00000000 00000000 00000000 00000000 00000000 00000000 00000000 00000000 00000000 00000000 00000000
122 002 001 000 003 002 00000001 0000001F 0000001F 0000001E 00000000 00000000 00000000 00000000 00000000 00000000 00000000 00000000 00000000 00000000 00000000
123 003 002 001 000 003 00000001 0000001F 0000001F 0000001F 00000000 00000000 00000000 00000000 00000000 00000000 00000000 00000000 00000000 00000000 00000000
124 000 003 002 001 000 00000064 0000001F 0000001F 0000001F 00000000 00000000 00000000 00000000 00000000 00000000 00000000 00000000 00000000 00000000 00000000
125 001 000 003 002 001 00000001 00000020 0000001F 0000001F 00000000 00000000 00000000 00000000 00000000 00000000 00000000 00000000 00000000 00000000 00000000
126 002 001 000 003 002 00000001 00000020 00000020 0000001F 00000000 00000000 00000000 00000000 00000000 00000000 00000000 00000000 00000000 00000000 00000000
127 003 002 001 000 003 00000001 00000020 00000020 00000020 00000000 00000000 00000000 00000000 00000000 00000000 00000000 00000000 00000000 00000000 00000000
128 000 003 002 001 000 00000064 00000020 00000020 00000020 00000000 00000000 00000000 00000000 00000000 00000000 00000000 00000000 00000000 00000000 00000000
129 001 000 003 002 001 00000001 00000021 00000020 00000020 00000000 00000000 00000000 00000000 00000000 00000000 00000000 00000000 00000000 00000000 00000000
130 002 001 000 003 002 00000001 00000021 00000021 00000020 00000000 00000000 00000000 00000000 00000000 00000000 00000000 00000000 00000000 00000000 00000000
131 003 002 001 000 003 00000001 00000021 00000021 00000021 00000000 00000000 00000000 00000000 00000000 00000000 00000000 00000000 00000000 00000000 00000000
132 000 003 002 001 000 00000064 00000021 00000021 00000021 00000000 00000000 00000000 00000000 00000000 00000000 00000000 00000000 00000000 00000000 00000000
133 001 000 003 002 001 00000001 00000022 00000021 00000021 00000000 00000000 00000000 00000000 00000000 00000000 00000000 00000000 00000000 00000000 00000000
134 002 001 000 003 002 00000001 00000022 00000022 00000021 00000000 00000000 00000000 00000000 00000000 00000000 00000000 00000000 00000000 00000000 00000000
135 003 002 001 000 003 00000001 00000022 00000022 00000022 00000000 00000000 00000000 00000000 00000000 00000000 00000000 00000000 00000000 00000000 00000000
136 000 003 002 001 000 00000064 00000022 00000022 00000022 00000000 00000000 00000000 00000000 00000000 00000000 00000000 00000000 00000000 00000000 00000000
137 001 000 003 002 001 00000001 00000023 00000022 00000022 00000000 00000000 00000000 00000000 00000000 00000000 00000000 00000000 00000000 00000000 00000000
138 002 001 000 003 002 00000001 00000023 00000023 00000022 00000000 00000000 00000000 00000000 00000000 00000000 00000000 00000000 00000000 00000000 00000000
139 003 002 001 000 003 00000001 00000023 00000023 00000023 00000000 00000000 00000000 00000000 00000000 00000000 00000000 00000000 00000000 00000000 00000000
140 000 003 002 001 000 00000064 00000023 00000023 00000023 00000000 00000000 00000000 00000000 00000000 00000000 00000000 00000000 00000000 00000000 00000000
141 001 000 003 002 001 00000001 00000024 00000023 00000023 00000000 00000000 00000000 00000000 00000000 00000000 00000000 00000000 00000000 00000000 00000000
142 002 001 000 003 002 00000001 00000024 00000024 00000023 00000000 00000000 00000000 00000000 00000000 00000000 00000000 00000000 00000000 00000000 00000000
143 003 002 001 000 003 00000001 00000024 00000024 00000024 00000000 00000000 00000000 00000000 00000000 00000000 00000000 00000000 00000000 00000000 00000000
144 000 003 002 001 000 00000064 00000024 00000024 00000024 00000000 00000000 00000000 00000000 00000000 00000000 00000000 00000000 00000000 00000000 00000000
145 001 000 003 002 001 00000001 00000025 00000024 00000024 00000000 00000000 00000000 00000000 00000000 00000000 00000000 00000000 00000000 00000000 00000000
146 002 001 000 003 002 00000001 00000025 00000025 00000024 00000000 00000000 00000000 00000000 00000000 00000000 00000000 00000000 00000000 00000000 00000000
147 003 002 001 000 003 00000001 00000025 00000025 00000025 00000000 00000000 00000000 00000000 00000000 00000000 00000000 00000000 00000000 00000000 00000000
148 000 003 002 001 000 00000064 00000025 00000025 00000025 00000000 00000000 00000000 00000000 00000000 00000000 00000000 00000000 00000000 00000000 00000000
149 001 000 003 002 001 00000001 00000026 00000025 00000025 00000000 00000000 00000000 00000000 00000000 00000000 00000000 00000000 00000000 00000000 00000000
150 002 001 000 003 002 00000001 00000026 00000026 00000025 00000000 00000000 00000000 00000000 00000000 00000000 00000000 00000000 00000000 00000000 00000000
151 003 002 001 000 003 00000001 00000026 00000026 00000026 00000000 00000000 00000000 00000000 00000000 00000000 00000000 00000000 00000000 00000000 00000000
152 000 003 002 001 000 00000064 00000026 00000026 00000026 00000000 00000000 00000000 00000000 00000000 00000000 00000000 00000000 00000000 00000000 00000000
153 001 000 003 002 001 00000001 00000027 00000026 00000026 00000000 00000000 00000000 00000000 00000000 00000000 00000000 00000000 00000000 00000000 00000000
154 002 001 000 003 002 00000001 00000027 00000027 00000026 00000000 00000000 00000000 00000000 00000000 00000000 00000000 00000000 00000000 00000000 00000000
155 003 002 001 000 003 00000001 00000027 00000027 00000027 00000000 00000000 00000000 00000000 00000000 00000000 00000000 00000000 00000000 00000000 00000000
156 000 003 002 001 000 00000064 00000027 00000027 00000027 00000000 00000000 00000000 00000000 00000000 00000000 00000000 00000000 00000000 00000000 00000000
157 001 000 003 002 001 00000001 00000028 00000027 00000027 00000000 00000000 00000000 00000000 00000000 00000000 00000000 00000000 00000000 00000000 00000000
158 002 001 000 003 002 00000001 00000028 00000028 00000027 00000000 00000000 00000000 00000000 00000000 00000000 00000000 00000000 00000000 00000000 00000000
159 003 002 001 000 003 00000001 00000028 00000028 00000028 00000000 00000000 00000000 00000000 00000000 00000000 00000000 00000000 00000000 00000000 00000000
160 000 003 002 001 000 00000064 00000028 00000028 00000028 00000000 00000000 00000000 00000000 00000000 00000000 00000000 00000000 00000000 00000000 00000000
161 001 000 003 002 001 00000001 00000029 00000028 00000028 00000000 00000000 00000000 00000000 00000000 00000000 00000000 00000000 00000000 00000000 00000000
162 002 001 000 003 002 00000001 00000029 00000029 00000028 00000000 00000000 00000000 00000000 00000000 00000000 00000000 00000000 00000000 00000000 00000000
163 003 002 001 000 003 00000001 00000029 00000029 00000029 00000000 00000000 00000000 00000000 00000000 00000000 00000000 00000000 00000000 00000000 00000000
164 000 003 002 001 000 00000064 00000029 00000029 00000029 00000000 00000000 00000000 00000000 00000000 00000000 00000000 00000000 00000000 00000000 00000000
165 001 000 003 002 001 00000001 0000002A 00000029 00000029 00000000 00000000 00000000 00000000 00000000 00000000 00000000 00000000 00000000 00000000 00000000
166 002 001 000 003 002 00000001 0000002A 0000002A 00000029 00000000 00000000 00000000 00000000 00000000 00000000 00000000 00000000 00000000 00000000 00000000
167 003 002 001 000 003 00000001 0000002A 0000002A 0000002A 00000000 00000000 00000000 00000000 00000000 00000000 00000000 00000000 00000000 00000000 00000000
168 000 003 002 001 000 00000064 0000002A 0000002A 0000002A 00000000 00000000 00000000 00000000 00000000 00000000 00000000 00000000 00000000 00000000 00000000
169 001 000 003 002 001 00000001 0000002B 0000002A 0000002A 00000000 00000000 00000000 00000000 00000000 00000000 00000000 00000000 00000000 00000000 00000000
170 002 001 000 003 002 00000001 0000002B 0000002B 0000002A 00000000 00000000 00000000 00000000 00000000 00000000 00000000 00000000 00000000 00000000 00000000
171 003 002 001 000 003 00000001 0000002B 0000002B 0000002B 00000000 00000000 00000000 00000000 00000000 00000000 00000000 00000000 00000000 00000000 00000000
172 000 003 002 001 000 00000064 0000002B 0000002B 0000002B 00000000 00000000 00000000 00000000 00000000 00000000 00000000 00000000 00000000 00000000 00000000
173 001 000 003 002 001 00000001 0000002C 0000002B 0000002B 00000000 00000000 00000000 00000000 00000000 00000000 00000000 00000000 00000000 00000000 00000000
174 002 001 000 003 002 00000001 0000002C 0000002C 0000002B 00000000 00000000 00000000 00000000 00000000 00000000 00000000 00000000 00000000 00000000 00000000
175 003 002 001 000 003 00000001 0000002C 0000002C 0000002C 00000000 00000000 00000000 00000000 00000000 00000000 00000000 00000000 00000000 00000000 00000000
176 000 003 002 001 000 00000064 0000002C 0000002C 0000002C 00000000 00000000 00000000 00000000 00000000 00000000 00000000 00000000 00000000 00000000 00000000
177 001 000 003 002 001 00000001 0000002D 0000002C 0000002C 00000000 00000000 00000000 00000000 00000000 00000000 00000000 00000000 00000000 00000000 00000000
178 002 001 000 003 002 00000001 0000002D 0000002D 0000002C 00000000 00000000 00000000 00000000 00000000 00000000 00000000 00000000 00000000 00000000 00000000
179 003 002 001 000 003 00000001 0000002D 0000002D 0000002D 00000000 00000000 00000000 00000000 00000000 00000000 00000000 00000000 00000000 00000000 00000000
180 000 003 002 001 000 00000064 0000002D 0000002D 0000002D 00000000 00000000 00000000 00000000 00000000 00000000 00000000 00000000 00000000 00000000 00000000
181 001 000 003 002 001 00000001 0000002E 0000002D 0000002D 00000000 00000000 00000000 00000000 00000000 00000000 00000000 00000000 00000000 00000000 00000000
182 002 001 000 003 002 00000001 0000002E 0000002E 0000002D 00000000 00000000 00000000 00000000 00000000 00000000 00000000 00000000 00000000 00000000 00000000
183 003 002 001 000 003 00000001 0000002E 0000002E 0000002E 00000000 00000000 00000000 00000000 00000000 00000000 00000000 00000000 00000000 00000000 00000000
184 000 003 002 001 000 00000064 0000002E 0000002E 0000002E 00000000 00000000 00000000 00000000 00000000 00000000 00000000 00000000 00000000 00000000 00000000
185 001 000 003 002 001 00000001 0000002F 0000002E 0000002E 00000000 00000000 00000000 00000000 00000000 00000000 00000000 00000000 00000000 00000000 00000000
186 002 001 000 003 002 00000001 0000002F 0000002F 0000002E 00000000 00000000 00000000 00000000 00000000 00000000 00000000 00000000 00000000 00000000 00000000
187 003 002 001 000 003 00000001 0000002F 0000002F 0000002F 00000000 00000000 00000000 00000000 00000000 00000000 00000000 00000000 00000000 00000000 00000000
188 000 003 002 001 000 00000064 0000002F 0000002F 0000002F 00000000 00000000 00000000 00000000 00000000 00000000 00000000 00000000 00000000 00000000 00000000
189 001 000 003 002 001 00000001 00000030 0000002F 0000002F 00000000 00000000 00000000 00000000 00000000 00000000 00000000 00000000 00000000 00000000 00000000
190 002 001 000 003 002 00000001 00000030 00000030 0000002F 00000000 00000000 00000000 00000000 00000000 00000000 00000000 00000000 00000000 00000000 00000000
191 003 002 001 000 003 00000001 00000030 00000030 00000030 00000000 00000000 00000000 00000000 00000000 00000000 00000000 00000000 00000000 00000000 00000000
192 000 003 002 001 000 00000064 00000030 00000030 00000030 00000000 00000000 00000000 00000000 00000000 00000000 00000000 00000000 00000000 00000000 00000000
193 001 000 003 002 001 00000001 00000031 00000030 00000030 00000000 00000000 00000000 00000000 00000000 00000000 00000000 00000000 00000000 00000000 00000000
194 002 001 000 003 002 00000001 00000031 00000031 00000030 00000000 00000000 00000000 00000000 00000000 00000000 00000000 00000000 00000000 00000000 00000000
195 003 002 001 000 003 00000001 00000031 00000031 00000031 00000000 00000000 00000000 00000000 00000000 00000000 00000000 00000000 00000000 00000000 00000000
196 000 003 002 001 000 00000064 00000031 00000031 00000031 00000000 00000000 00000000 00000000 00000000 00000000 00000000 00000000 00000000 00000000 00000000
197 001 000 003 002 001 00000001 00000032 00000031 00000031 00000000 00000000 00000000 00000000 00000000 00000000 00000000 00000000 00000000 00000000 00000000
198 002 001 000 003 002 00000001 00000032 00000032 00000031 00000000 00000000 00000000 00000000 00000000 00000000 00000000 00000000 00000000 00000000 00000000
199 003 002 001 000 003 00000001 00000032 00000032 00000032 00000000 00000000 00000000 00000000 00000000 00000000 00000000 00000000 00000000 00000000 00000000
200 000 003 002 001 000 00000064 00000032 00000032 00000032 00000000 00000000 00000000 00000000 00000000 00000000 00000000 00000000 00000000 00000000 00000000
201 001 000 003 002 001 00000001 00000033 00000032 00000032 00000000 00000000 00000000 00000000 00000000 00000000 00000000 00000000 00000000 00000000 00000000
202 002 001 000 003 002 00000001 00000033 00000033 00000032 00000000 00000000 00000000 00000000 00000000 00000000 00000000 00000000 00000000 00000000 00000000
203 003 002 001 000 003 00000001 00000033 00000033 00000033 00000000 00000000 00000000 00000000 00000000 00000000 00000000 00000000 00000000 00000000 00000000
204 000 003 002 001 000 00000064 00000033 00000033 00000033 00000000 00000000 00000000 00000000 00000000 00000000 00000000 00000000 00000000 00000000 00000000
205 001 000 003 002 001 00000001 00000034 00000033 00000033 00000000 00000000 00000000 00000000 00000000 00000000 00000000 00000000 00000000 00000000 00000000
206 002 001 000 003 002 00000001 00000034 00000034 00000033 00000000 00000000 00000000 00000000 00000000 00000000 00000000 00000000 00000000 00000000 00000000
207 003 002 001 000 003 00000001 00000034 00000034 00000034 00000000 00000000 00000000 00000000 00000000 00000000 00000000 00000000 00000000 00000000 00000000
208 000 003 002 001 000 00000064 00000034 00000034 00000034 00000000 00000000 00000000 00000000 00000000 00000000 00000000 00000000 00000000 00000000 00000000
209 001 000 003 002 001 00000001 00000035 00000034 00000034 00000000 00000000 00000000 00000000 00000000 00000000 00000000 00000000 00000000 00000000 00000000
210 002 001 000 003 002 00000001 00000035 00000035 00000034 00000000 00000000 00000000 00000000 00000000 00000000 00000000 00000000 00000000 00000000 00000000
211 003 002 001 000 003 00000001 00000035 00000035 00000035 00000000 00000000 00000000 00000000 00000000 00000000 00000000 00000000 00000000 00000000 00000000
212 000 003 002 001 000 00000064 00000035 00000035 00000035 00000000 00000000 00000000 00000000 00000000 00000000 00000000 00000000 00000000 00000000 00000000
213 001 000 003 002 001 00000001 00000036 00000035 00000035 00000000 00000000 00000000 00000000 00000000 00000000 00000000 00000000 00000000 00000000 00000000
214 002 001 000 003 002 00000001 00000036 00000036 00000035 00000000 00000000 00000000 00000000 00000000 00000000 00000000 00000000 00000000 00000000 00000000
215 003 002 001 000 003 00000001 00000036 00000036 00000036 00000000 00000000 00000000 00000000 00000000 00000000 00000000 00000000 00000000 00000000 00000000
216 000 003 002 001 000 00000064 00000036 00000036 00000036 00000000 00000000 00000000 00000000 00000000 00000000 00000000 00000000 00000000 00000000 00000000
217 001 000 003 002 001 00000001 00000037 00000036 00000036 00000000 00000000 00000000 00000000 00000000 00000000 00000000 00000000 00000000 00000000 00000000
218 002 001 000 003 002 00000001 00000037 00000037 00000036 00000000 00000000 00000000 00000000 00000000 00000000 00000000 00000000 00000000 00000000 00000000
219 003 002 001 000 003 00000001 00000037 00000037 00000037 00000000 00000000 00000000 00000000 00000000 00000000 00000000 00000000 00000000 00000000 00000000
220 000 003 002 001 000 00000064 00000037 00000037 00000037 00000000 00000000 00000000 00000000 00000000 00000000 00000000 00000000 00000000 00000000 00000000
221 001 000 003 002 001 00000001 00000038 00000037 00000037 00000000 00000000 00000000 00000000 00000000 00000000 00000000 00000000 00000000 00000000 00000000
222 002 001 000 003 002 00000001 00000038 00000038 00000037 00000000 00000000 00000000 00000000 00000000 00000000 00000000 00000000 00000000 00000000 00000000
223 003 002 001 000 003 00000001 00000038 00000038 00000038 00000000 00000000 00000000 00000000 00000000 00000000 00000000 00000000 00000000 00000000 00000000
224 000 003 002 001 000 00000064 00000038 00000038 00000038 00000000 00000000 00000000 00000000 00000000 00000000 00000000 00000000 00000000 00000000 00000000
225 001 000 003 002 001 00000001 00000039 00000038 00000038 00000000 00000000 00000000 00000000 00000000 00000000 00000000 00000000 00000000 00000000 00000000
226 002 001 000 003 002 00000001 00000039 00000039 00000038 00000000 00000000 00000000 00000000 00000000 00000000 00000000 00000000 00000000 00000000 00000000
227 003 002 001 000 003 00000001 00000039 00000039 00000039 00000000 00000000 00000000 00000000 00000000 00000000 00000000 00000000 00000000 00000000 00000000
228 000 003 002 001 000 00000064 00000039 00000039 00000039 00000000 00000000 00000000 00000000 00000000 00000000 00000000 00000000 00000000 00000000 00000000
229 001 000 003 002 001 00000001 0000003A 00000039 00000039 00000000 00000000 00000000 00000000 00000000 00000000 00000000 00000000 00000000 00000000 00000000
230 002 001 000 003 002 00000001 0000003A 0000003A 00000039 00000000 00000000 00000000 00000000 00000000 00000000 00000000 00000000 00000000 00000000 00000000
231 003 002 001 000 003 00000001 0000003A 0000003A 0000003A 00000000 00000000 00000000 00000000 00000000 00000000 00000000 00000000 00000000 00000000 00000000
232 000 003 002 001 000 00000064 0000003A 0000003A 0000003A 00000000 00000000 00000000 00000000 00000000 00000000 00000000 00000000 00000000 00000000 00000000
233 001 000 003 002 001 00000001 0000003B 0000003A 0000003A 00000000 00000000 00000000 00000000 00000000 00000000 00000000 00000000 00000000 00000000 00000000
234 002 001 000 003 002 00000001 0000003B 0000003B 0000003A 00000000 00000000 00000000 00000000 00000000 00000000 00000000 00000000 00000000 00000000 00000000
235 003 002 001 000 003 00000001 0000003B 0000003B 0000003B 00000000 00000000 00000000 00000000 00000000 00000000 00000000 00000000 00000000 00000000 00000000
236 000 003 002 001 000 00000064 0000003B 0000003B 0000003B 00000000 00000000 00000000 00000000 00000000 00000000 00000000 00000000 00000000 00000000 00000000
237 001 000 003 002 001 00000001 0000003C 0000003B 0000003B 00000000 00000000 00000000 00000000 00000000 00000000 00000000 00000000 00000000 00000000 00000000
238 002 001 000 003 002 00000001 0000003C 0000003C 0000003B 00000000 00000000 00000000 00000000 00000000 00000000 00000000 00000000 00000000 00000000 00000000
239 003 002 001 000 003 00000001 0000003C 0000003C 0000003C 00000000 00000000 00000000 00000000 00000000 00000000 00000000 00000000 00000000 00000000 00000000
240 000 003 002 001 000 00000064 0000003C 0000003C 0000003C 00000000 00000000 00000000 00000000 00000000 00000000 00000000 00000000 00000000 00000000 00000000
241 001 000 003 002 001 00000001 0000003D 0000003C 0000003C 00000000 00000000 00000000 00000000 00000000 00000000 00000000 00000000 00000000 00000000 00000000
242 002 001 000 003 002 00000001 0000003D 0000003D 0000003C 00000000 00000000 00000000 00000000 00000000 00000000 00000000 00000000 00000000 00000000 00000000
243 003 002 001 000 003 00000001 0000003D 0000003D 0000003D 00000000 00000000 00000000 00000000 00000000 00000000 00000000 00000000 00000000 00000000 00000000
244 000 003 002 001 000 00000064 0000003D 0000003D 0000003D 00000000 00000000 00000000 00000000 00000000 00000000 00000000 00000000 00000000 00000000 00000000
245 001 000 003 002 001 00000001 0000003E 0000003D 0000003D 00000000 00000000 00000000 00000000 00000000 00000000 00000000 00000000 00000000 00000000 00000000
246 002 001 000 003 002 00000001 0000003E 0000003E 0000003D 00000000 00000000 00000000 00000000 00000000 00000000 00000000 00000000 00000000 00000000 00000000
247 003 002 001 000 003 00000001 0000003E 0000003E 0000003E 00000000 00000000 00000000 00000000 00000000 00000000 00000000 00000000 00000000 00000000 00000000
248 000 003 002 001 000 00000064 0000003E 0000003E 0000003E 00000000 00000000 00000000 00000000 00000000 00000000 00000000 00000000 00000000 00000000 00000000
249 001 000 003 002 001 00000001 0000003F 0000003E 0000003E 00000000 00000000 00000000 00000000 00000000 00000000 00000000 00000000 00000000 00000000 00000000
250 002 001 000 003 002 00000001 0000003F 0000003F 0000003E 00000000 00000000 00000000 00000000 00000000 00000000 00000000 00000000 00000000 00000000 00000000
251 003 002 001 000 003 00000001 0000003F 0000003F 0000003F 00000000 00000000 00000000 00000000 00000000 00000000 00000000 00000000 00000000 00000000 00000000
252 000 003 002 001 000 00000064 0000003F 0000003F 0000003F 00000000 00000000 00000000 00000000 00000000 00000000 00000000 00000000 00000000 00000000 00000000
253 001 000 003 002 001 00000001 00000040 0000003F 0000003F 00000000 00000000 00000000 00000000 00000000 00000000 00000000 00000000 00000000 00000000 00000000
254 002 001 000 003 002 00000001 00000040 00000040 0000003F 00000000 00000000 00000000 00000000 00000000 00000000 00000000 00000000 00000000 00000000 00000000
255 003 002 001 000 003 00000001 00000040 00000040 00000040 00000000 00000000 00000000 00000000 00000000 00000000 00000000 00000000 00000000 00000000 00000000
256 000 003 002 001 000 00000064 00000040 00000040 00000040 00000000 00000000 00000000 00000000 00000000 00000000 00000000 00000000 00000000 00000000 00000000
257 001 000 003 002 001 00000001 00000041 00000040 00000040 00000000 00000000 00000000 00000000 00000000 00000000 00000000 00000000 00000000 00000000 00000000
258 002 001 000 003 002 00000001 00000041 00000041 00000040 00000000 00000000 00000000 00000000 00000000 00000000 00000000 00000000 00000000 00000000 00000000
259 003 002 001 000 003 00000001 00000041 00000041 00000041 00000000 00000000 00000000 00000000 00000000 00000000 00000000 00000000 00000000 00000000 00000000
260 000 003 002 001 000 00000064 00000041 00000041 00000041 00000000 00000000 00000000 00000000 00000000 00000000 00000000 00000000 00000000 00000000 00000000
261 001 000 003 002 001 00000001 00000042 00000041 00000041 00000000 00000000 00000000 00000000 00000000 00000000 00000000 00000000 00000000 00000000 00000000
262 002 001 000 003 002 00000001 00000042 00000042 00000041 00000000 00000000 00000000 00000000 00000000 00000000 00000000 00000000 00000000 00000000 00000000
263 003 002 001 000 003 00000001 00000042 00000042 00000042 00000000 00000000 00000000 00000000 00000000 00000000 00000000 00000000 00000000 00000000 00000000
264 000 003 002 001 000 00000064 00000042 00000042 00000042 00000000 00000000 00000000 00000000 00000000 00000000 00000000 00000000 00000000 00000000 00000000
265 001 000 003 002 001 00000001 00000043 00000042 00000042 00000000 00000000 00000000 00000000 00000000 00000000 00000000 00000000 00000000 00000000 00000000
266 002 001 000 003 002 00000001 00000043 00000043 00000042 00000000 00000000 00000000 00000000 00000000 00000000 00000000 00000000 00000000 00000000 00000000
267 003 002 001 000 003 00000001 00000043 00000043 00000043 00000000 00000000 00000000 00000000 00000000 00000000 00000000 00000000 00000000 00000000 00000000
268 000 003 002 001 000 00000064 00000043 00000043 00000043 00000000 00000000 00000000 00000000 00000000 00000000 00000000 00000000 00000000 00000000 00000000
269 001 000 003 002 001 00000001 00000044 00000043 00000043 00000000 00000000 00000000 00000000 00000000 00000000 00000000 00000000 00000000 00000000 00000000
270 002 001 000 003 002 00000001 00000044 00000044 00000043 00000000 00000000 00000000 00000000 00000000 00000000 00000000 00000000 00000000 00000000 00000000
271 003 002 001 000 003 00000001 00000044 00000044 00000044 00000000 00000000 00000000 00000000 00000000 00000000 00000000 00000000 00000000 00000000 00000000
272 000 003 002 001 000 00000064 00000044 00000044 00000044 00000000 00000000 00000000 00000000 00000000 00000000 00000000 00000000 00000000 00000000 00000000
273 001 000 003 002 001 00000001 00000045 00000044 00000044 00000000 00000000 00000000 00000000 00000000 00000000 00000000 00000000 00000000 00000000 00000000
274 002 001 000 003 002 00000001 00000045 00000045 00000044 00000000 00000000 00000000 00000000 00000000 00000000 00000000 00000000 00000000 00000000 00000000
275 003 002 001 000 003 00000001 00000045 00000045 00000045 00000000 00000000 00000000 00000000 00000000 00000000 00000000 00000000 00000000 00000000 00000000
276 000 003 002 001 000 00000064 00000045 00000045 00000045 00000000 00000000 00000000 00000000 00000000 00000000 00000000 00000000 00000000 00000000 00000000
277 001 000 003 002 001 00000001 00000046 00000045 00000045 00000000 00000000 00000000 00000000 00000000 00000000 00000000 00000000 00000000 00000000 00000000
278 002 001 000 003 002 00000001 00000046 00000046 00000045 00000000 00000000 00000000 00000000 00000000 00000000 00000000 00000000 00000000 00000000 00000000
279 003 002 001 000 003 00000001 00000046 00000046 00000046 00000000 00000000 00000000 00000000 00000000 00000000 00000000 00000000 00000000 00000000 00000000
280 000 003 002 001 000 00000064 00000046 00000046 00000046 00000000 00000000 00000000 00000000 00000000 00000000 00000000 00000000 00000000 00000000 00000000
281 001 000 003 002 001 00000001 00000047 00000046 00000046 00000000 00000000 00000000 00000000 00000000 00000000 00000000 00000000 00000000 00000000 00000000
282 002 001 000 003 002 00000001 00000047 00000047 00000046 00000000 00000000 00000000 00000000 00000000 00000000 00000000 00000000 00000000 00000000 00000000
283 003 002 001 000 003 00000001 00000047 00000047 00000047 00000000 00000000 00000000 00000000 00000000 00000000 00000000 00000000 00000000 00000000 00000000
284 000 003 002 001 000 00000064 00000047 00000047 00000047 00000000 00000000 00000000 00000000 00000000 00000000 00000000 00000000 00000000 00000000 00000000
285 001 000 003 002 001 00000001 00000048 00000047 00000047 00000000 00000000 00000000 00000000 00000000 00000000 00000000 00000000 00000000 00000000 00000000
286 002 001 000 003 002 00000001 00000048 00000048 00000047 00000000 00000000 00000000 00000000 00000000 00000000 00000000 00000000 00000000 00000000 00000000
287 003 002 001 000 003 00000001 00000048 00000048 00000048 00000000 00000000 00000000 00000000 00000000 00000000 00000000 00000000 00000000 00000000 00000000
288 000 003 002 001 000 00000064 00000048 00000048 00000048 00000000 00000000 00000000 00000000 00000000 00000000 00000000 00000000 00000000 00000000 00000000
289 001 000 003 002 001 00000001 00000049 00000048 00000048 00000000 00000000 00000000 00000000 00000000 00000000 00000000 00000000 00000000 00000000 00000000
290 002 001 000 003 002 00000001 00000049 00000049 00000048 00000000 00000000 00000000 00000000 00000000 00000000 00000000 00000000 00000000 00000000 00000000
291 003 002 001 000 003 00000001 00000049 00000049 00000049 00000000 00000000 00000000 00000000 00000000 00000000 00000000 00000000 00000000 00000000 00000000
292 000 003 002 001 000 00000064 00000049 00000049 00000049 00000000 00000000 00000000 00000000 00000000 00000000 00000000 00000000 00000000 00000000 00000000
293 001 000 003 002 001 00000001 0000004A 00000049 00000049 00000000 00000000 00000000 00000000 00000000 00000000 00000000 00000000 00000000 00000000 00000000
294 002 001 000 003 002 00000001 0000004A 0000004A 00000049 00000000 00000000 00000000 00000000 00000000 00000000 00000000 00000000 00000000 00000000 00000000
295 003 002 001 000 003 00000001 0000004A 0000004A 0000004A 00000000 00000000 00000000 00000000 00000000 00000000 00000000 00000000 00000000 00000000 00000000
296 000 003 002 001 000 00000064 0000004A 0000004A 0000004A 00000000 00000000 00000000 00000000 00000000 00000000 00000000 00000000 00000000 00000000 00000000
297 001 000 003 002 001 00000001 0000004B 0000004A 0000004A 00000000 00000000 00000000 00000000 00000000 00000000 00000000 00000000 00000000 00000000 00000000
298 002 001 000 003 002 00000001 0000004B 0000004B 0000004A 00000000 00000000 00000000 00000000 00000000 00000000 00000000 00000000 00000000 00000000 00000000
299 003 002 001 000 003 00000001 0000004B 0000004B 0000004B 00000000 00000000 00000000 00000000 00000000 00000000 00000000 00000000 00000000 00000000 00000000
300 000 003 002 001 000 00000064 0000004B 0000004B 0000004B 00000000 00000000 00000000 00000000 00000000 00000000 00000000 00000000 00000000 00000000 00000000
301 001 000 003 002 001 00000001 0000004C 0000004B 0000004B 00000000 00000000 00000000 00000000 00000000 00000000 00000000 00000000 00000000 00000000 00000000
302 002 001 000 003 002 00000001 0000004C 0000004C 0000004B 00000000 00000000 00000000 00000000 00000000 00000000 00000000 00000000 00000000 00000000 00000000
303 003 002 001 000 003 00000001 0000004C 0000004C 0000004C 00000000 00000000 00000000 00000000 00000000 00000000 00000000 00000000 00000000 00000000 00000000
304 000 003 002 001 000 00000064 0000004C 0000004C 0000004C 00000000 00000000 00000000 00000000 00000000 00000000 00000000 00000000 00000000 00000000 00000000
305 001 000 003 002 001 00000001 0000004D 0000004C 0000004C 00000000 00000000 00000000 00000000 00000000 00000000 00000000 00000000 00000000 00000000 00000000
306 002 001 000 003 002 00000001 0000004D 0000004D 0000004C 00000000 00000000 00000000 00000000 00000000 00000000 00000000 00000000 00000000 00000000 00000000
307 003 002 001 000 003 00000001 0000004D 0000004D 0000004D 00000000 00000000 00000000 00000000 00000000 00000000 00000000 00000000 00000000 00000000 00000000
308 000 003 002 001 000 00000064 0000004D 0000004D 0000004D 00000000 00000000 00000000 00000000 00000000 00000000 00000000 00000000 00000000 00000000 00000000
309 001 000 003 002 001 00000001 0000004E 0000004D 0000004D 00000000 00000000 00000000 00000000 00000000 00000000 00000000 00000000 00000000 00000000 00000000
310 002 001 000 003 002 00000001 0000004E 0000004E 0000004D 00000000 00000000 00000000 00000000 00000000 00000000 00000000 00000000 00000000 00000000 00000000
311 003 002 001 000 003 00000001 0000004E 0000004E 0000004E 00000000 00000000 00000000 00000000 00000000 00000000 00000000 00000000 00000000 00000000 00000000
312 000 003 002 001 000 00000064 0000004E 0000004E 0000004E 00000000 00000000 00000000 00000000 00000000 00000000 00000000 00000000 00000000 00000000 00000000
313 001 000 003 002 001 00000001 0000004F 0000004E 0000004E 00000000 00000000 00000000 00000000 00000000 00000000 00000000 00000000 00000000 00000000 00000000
314 002 001 000 003 002 00000001 0000004F 0000004F 0000004E 00000000 00000000 00000000 00000000 00000000 00000000 00000000 00000000 00000000 00000000 00000000
315 003 002 001 000 003 00000001 0000004F 0000004F 0000004F 00000000 00000000 00000000 00000000 00000000 00000000 00000000 00000000 00000000 00000000 00000000
316 000 003 002 001 000 00000064 0000004F 0000004F 0000004F 00000000 00000000 00000000 00000000 00000000 00000000 00000000 00000000 00000000 00000000 00000000
317 001 000 003 002 001 00000001 00000050 0000004F 0000004F 00000000 00000000 00000000 00000000 00000000 00000000 00000000 00000000 00000000 00000000 00000000
318 002 001 000 003 002 00000001 00000050 00000050 0000004F 00000000 00000000 00000000 00000000 00000000 00000000 00000000 00000000 00000000 00000000 00000000
319 003 002 001 000 003 00000001 00000050 00000050 00000050 00000000 00000000 00000000 00000000 00000000 00000000 00000000 00000000 00000000 00000000 00000000
320 000 003 002 001 000 00000064 00000050 00000050 00000050 00000000 00000000 00000000 00000000 00000000 00000000 00000000 00000000 00000000 00000000 00000000
321 001 000 003 002 001 00000001 00000051 00000050 00000050 00000000 00000000 00000000 00000000 00000000 00000000 00000000 00000000 00000000 00000000 00000000
322 002 001 000 003 002 00000001 00000051 00000051 00000050 00000000 00000000 00000000 00000000 00000000 00000000 00000000 00000000 00000000 00000000 00000000
323 003 002 001 000 003 00000001 00000051 00000051 00000051 00000000 00000000 00000000 00000000 00000000 00000000 00000000 00000000 00000000 00000000 00000000
324 000 003 002 001 000 00000064 00000051 00000051 00000051 00000000 00000000 00000000 00000000 00000000 00000000 00000000 00000000 00000000 00000000 00000000
325 001 000 003 002 001 00000001 00000052 00000051 00000051 00000000 00000000 00000000 00000000 00000000 00000000 00000000 00000000 00000000 00000000 00000000
326 002 001 000 003 002 00000001 00000052 00000052 00000051 00000000 00000000 00000000 00000000 00000000 00000000 00000000 00000000 00000000 00000000 00000000
327 003 002 001 000 003 00000001 00000052 00000052 00000052 00000000 00000000 00000000 00000000 00000000 00000000 00000000 00000000 00000000 00000000 00000000
328 000 003 002 001 000 00000064 00000052 00000052 00000052 00000000 00000000 00000000 00000000 00000000 00000000 00000000 00000000 00000000 00000000 00000000
329 001 000 003 002 001 00000001 00000053 00000052 00000052 00000000 00000000 00000000 00000000 00000000 00000000 00000000 00000000 00000000 00000000 00000000
330 002 001 000 003 002 00000001 00000053 00000053 00000052 00000000 00000000 00000000 00000000 00000000 00000000 00000000 00000000 00000000 00000000 00000000
331 003 002 001 000 003 00000001 00000053 00000053 00000053 00000000 00000000 00000000 00000000 00000000 00000000 00000000 00000000 00000000 00000000 00000000
332 000 003 002 001 000 00000064 00000053 00000053 00000053 00000000 00000000 00000000 00000000 00000000 00000000 00000000 00000000 00000000 00000000 00000000
333 001 000 003 002 001 00000001 00000054 00000053 00000053 00000000 00000000 00000000 00000000 00000000 00000000 00000000 00000000 00000000 00000000 00000000
334 002 001 000 003 002 00000001 00000054 00000054 00000053 00000000 00000000 00000000 00000000 00000000 00000000 00000000 00000000 00000000 00000000 00000000
335 003 002 001 000 003 00000001 00000054 00000054 00000054 00000000 00000000 00000000 00000000 00000000 00000000 00000000 00000000 00000000 00000000 00000000
336 000 003 002 001 000 00000064 00000054 00000054 00000054 00000000 00000000 00000000 00000000 00000000 00000000 00000000 00000000 00000000 00000000 00000000
337 001 000 003 002 001 00000001 00000055 00000054 00000054 00000000 00000000 00000000 00000000 00000000 00000000 00000000 00000000 00000000 00000000 00000000
338 002 001 000 003 002 00000001 00000055 00000055 00000054 00000000 00000000 00000000 00000000 00000000 00000000 00000000 00000000 00000000 00000000 00000000
339 003 002 001 000 003 00000001 00000055 00000055 00000055 00000000 00000000 00000000 00000000 00000000 00000000 00000000 00000000 00000000 00000000 00000000
340 000 003 002 001 000 00000064 00000055 00000055 00000055 00000000 00000000 00000000 00000000 00000000 00000000 00000000 00000000 00000000 00000000 00000000
341 001 000 003 002 001 00000001 00000056 00000055 00000055 00000000 00000000 00000000 00000000 00000000 00000000 00000000 00000000 00000000 00000000 00000000
342 002 001 000 003 002 00000001 00000056 00000056 00000055 00000000 00000000 00000000 00000000 00000000 00000000 00000000 00000000 00000000 00000000 00000000
343 003 002 001 000 003 00000001 00000056 00000056 00000056 00000000 00000000 00000000 00000000 00000000 00000000 00000000 00000000 00000000 00000000 00000000
344 000 003 002 001 000 00000064 00000056 00000056 00000056 00000000 00000000 00000000 00000000 00000000 00000000 00000000 00000000 00000000 00000000 00000000
345 001 000 003 002 001 00000001 00000057 00000056 00000056 00000000 00000000 00000000 00000000 00000000 00000000 00000000 00000000 00000000 00000000 00000000
346 002 001 000 003 002 00000001 00000057 00000057 00000056 00000000 00000000 00000000 00000000 00000000 00000000 00000000 00000000 00000000 00000000 00000000
347 003 002 001 000 003 00000001 00000057 00000057 00000057 00000000 00000000 00000000 00000000 00000000 00000000 00000000 00000000 00000000 00000000 00000000
348 000 003 002 001 000 00000064 00000057 00000057 00000057 00000000 00000000 00000000 00000000 00000000 00000000 00000000 00000000 00000000 00000000 00000000
349 001 000 003 002 001 00000001 00000058 00000057 00000057 00000000 00000000 00000000 00000000 00000000 00000000 00000000 00000000 00000000 00000000 00000000
350 002 001 000 003 002 00000001 00000058 00000058 00000057 00000000 00000000 00000000 00000000 00000000 00000000 00000000 00000000 00000000 00000000 00000000
351 003 002 001 000 003 00000001 00000058 00000058 00000058 00000000 00000000 00000000 00000000 00000000 00000000 00000000 00000000 00000000 00000000 00000000
352 000 003 002 001 000 00000064 00000058 00000058 00000058 00000000 00000000 00000000 00000000 00000000 00000000 00000000 00000000 00000000 00000000 00000000
353 001 000 003 002 001 00000001 00000059 00000058 00000058 00000000 00000000 00000000 00000000 00000000 00000000 00000000 00000000 00000000 00000000 00000000
354 002 001 000 003 002 00000001 00000059 00000059 00000058 00000000 00000000 00000000 00000000 00000000 00000000 00000000 00000000 00000000 00000000 00000000
355 003 002 001 000 003 00000001 00000059 00000059 00000059 00000000 00000000 00000000 00000000 00000000 00000000 00000000 00000000 00000000 00000000 00000000
356 000 003 002 001 000 00000064 00000059 00000059 00000059 00000000 00000000 00000000 00000000 00000000 00000000 00000000 00000000 00000000 00000000 00000000
357 001 000 003 002 001 00000001 0000005A 00000059 00000059 00000000 00000000 00000000 00000000 00000000 00000000 00000000 00000000 00000000 00000000 00000000
358 002 001 000 003 002 00000001 0000005A 0000005A 00000059 00000000 00000000 00000000 00000000 00000000 00000000 00000000 00000000 00000000 00000000 00000000
359 003 002 001 000 003 00000001 0000005A 0000005A 0000005A 00000000 00000000 00000000 00000000 00000000 00000000 00000000 00000000 00000000 00000000 00000000
360 000 003 002 001 000 00000064 0000005A 0000005A 0000005A 00000000 00000000 00000000 00000000 00000000 00000000 00000000 00000000 00000000 00000000 00000000
361 001 000 003 002 001 00000001 0000005B 0000005A 0000005A 00000000 00000000 00000000 00000000 00000000 00000000 00000000 00000000 00000000 00000000 00000000
362 002 001 000 003 002 00000001 0000005B 0000005B 0000005A 00000000 00000000 00000000 00000000 00000000 00000000 00000000 00000000 00000000 00000000 00000000
363 003 002 001 000 003 00000001 0000005B 0000005B 0000005B 00000000 00000000 00000000 00000000 00000000 00000000 00000000 00000000 00000000 00000000 00000000
364 000 003 002 001 000 00000064 0000005B 0000005B 0000005B 00000000 00000000 00000000 00000000 00000000 00000000 00000000 00000000 00000000 00000000 00000000
365 001 000 003 002 001 00000001 0000005C 0000005B 0000005B 00000000 00000000 00000000 00000000 00000000 00000000 00000000 00000000 00000000 00000000 00000000
366 002 001 000 003 002 00000001 0000005C 0000005C 0000005B 00000000 00000000 00000000 00000000 00000000 00000000 00000000 00000000 00000000 00000000 00000000
367 003 002 001 000 003 00000001 0000005C 0000005C 0000005C 00000000 00000000 00000000 00000000 00000000 00000000 00000000 00000000 00000000 00000000 00000000
368 000 003 002 001 000 00000064 0000005C 0000005C 0000005C 00000000 00000000 00000000 00000000 00000000 00000000 00000000 00000000 00000000 00000000 00000000
369 001 000 003 002 001 00000001 0000005D 0000005C 0000005C 00000000 00000000 00000000 00000000 00000000 00000000 00000000 00000000 00000000 00000000 00000000
370 002 001 000 003 002 00000001 0000005D 0000005D 0000005C 00000000 00000000 00000000 00000000 00000000 00000000 00000000 00000000 00000000 00000000 00000000
371 003 002 001 000 003 00000001 0000005D 0000005D 0000005D 00000000 00000000 00000000 00000000 00000000 00000000 00000000 00000000 00000000 00000000 00000000
372 000 003 002 001 000 00000064 0000005D 0000005D 0000005D 00000000 00000000 00000000 00000000 00000000 00000000 00000000 00000000 00000000 00000000 00000000
373 001 000 003 002 001 00000001 0000005E 0000005D 0000005D 00000000 00000000 00000000 00000000 00000000 00000000 00000000 00000000 00000000 00000000 00000000
374 002 001 000 003 002 00000001 0000005E 0000005E 0000005D 00000000 00000000 00000000 00000000 00000000 00000000 00000000 00000000 00000000 00000000 00000000
375 003 002 001 000 003 00000001 0000005E 0000005E 0000005E 00000000 00000000 00000000 00000000 00000000 00000000 00000000 00000000 00000000 00000000 00000000
376 000 003 002 001 000 00000064 0000005E 0000005E 0000005E 00000000 00000000 00000000 00000000 00000000 00000000 00000000 00000000 00000000 00000000 00000000
377 001 000 003 002 001 00000001 0000005F 0000005E 0000005E 00000000 00000000 00000000 00000000 00000000 00000000 00000000 00000000 00000000 00000000 00000000
378 002 001 000 003 002 00000001 0000005F 0000005F 0000005E 00000000 00000000 00000000 00000000 00000000 00000000 00000000 00000000 00000000 00000000 00000000
379 003 002 001 000 003 00000001 0000005F 0000005F 0000005F 00000000 00000000 00000000 00000000 00000000 00000000 00000000 00000000 00000000 00000000 00000000
380 000 003 002 001 000 00000064 0000005F 0000005F 0000005F 00000000 00000000 00000000 00000000 00000000 00000000 00000000 00000000 00000000 00000000 00000000
381 001 000 003 002 001 00000001 00000060 0000005F 0000005F 00000000 00000000 00000000 00000000 00000000 00000000 00000000 00000000 00000000 00000000 00000000
382 002 001 000 003 002 00000001 00000060 00000060 0000005F 00000000 00000000 00000000 00000000 00000000 00000000 00000000 00000000 00000000 00000000 00000000
383 003 002 001 000 003 00000001 00000060 00000060 00000060 00000000 00000000 00000000 00000000 00000000 00000000 00000000 00000000 00000000 00000000 00000000
384 000 003 002 001 000 00000064 00000060 00000060 00000060 00000000 00000000 00000000 00000000 00000000 00000000 00000000 00000000 00000000 00000000 00000000
385 001 000 003 002 001 00000001 00000061 00000060 00000060 00000000 00000000 00000000 00000000 00000000 00000000 00000000 00000000 00000000 00000000 00000000
386 002 001 000 003 002 00000001 00000061 00000061 00000060 00000000 00000000 00000000 00000000 00000000 00000000 00000000 00000000 00000000 00000000 00000000
387 003 002 001 0